{
    "intrinsics": {
        "fl_x": 886.8100134752652,
        "fl_y": 886.8100134752652,
        "cx": 512.0,
        "cy": 512.0,
        "w": 1024,
        "h": 1024
    },
    "frames": [
        {
            "file_path": "view_000.png",
            "transform_matrix": [
                [
                    1.0,
                    0.0,
                    0.0,
                    0.0
                ],
                [
                    0.0,
                    0.0,
                    1.0,
                    2.2
                ],
                [
                    0.0,
                    -1.0,
                    0.0,
                    0.0
                ],
                [
                    0.0,
                    0.0,
                    0.0,
                    1.0
                ]
            ]
        },
        {
            "file_path": "view_001.png",
            "transform_matrix": [
                [
                    0.6754902942615238,
                    0.6897966923958476,
                    -0.2605635920811433,
                    -0.5732399025785153
                ],
                [
                    -0.0,
                    0.3533693919388167,
                    0.9354838709677421,
                    2.0580645161290327
                ],
                [
                    0.7373688780783197,
                    -0.6319102752769096,
                    0.23869759454376707,
                    0.5251347079962876
                ],
                [
                    0.0,
                    0.0,
                    0.0,
                    1.0
                ]
            ]
        },
        {
            "file_path": "view_002.png",
            "transform_matrix": [
                [
                    -0.9961710408648278,
                    -0.07614498604380375,
                    0.04295577310065062,
                    0.09450270082143138
                ],
                [
                    0.0,
                    0.4913402003783168,
                    0.8709677419354839,
                    1.9161290322580646
                ],
                [
                    -0.08742572471695986,
                    0.8676328420435597,
                    -0.4894588788296009,
                    -1.076809533425122
                ],
                [
                    0.0,
                    0.0,
                    0.0,
                    1.0
                ]
            ]
        },
        {
            "file_path": "view_003.png",
            "transform_matrix": [
                [
                    0.7936007512916959,
                    -0.4906765007894053,
                    0.3597699530565615,
                    0.7914938967244354
                ],
                [
                    0.0,
                    0.5913000896717214,
                    0.8064516129032258,
                    1.7741935483870968
                ],
                [
                    -0.6084388609788626,
                    -0.6400006058803999,
                    0.4692561954023253,
                    1.0323636298851158
                ],
                [
                    0.0,
                    0.0,
                    0.0,
                    1.0
                ]
            ]
        },
        {
            "file_path": "view_004.png",
            "transform_matrix": [
                [
                    -0.17418195037931164,
                    0.7305938762017696,
                    -0.6602221112766007,
                    -1.4524886448085217
                ],
                [
                    0.0,
                    0.6704712803492426,
                    0.7419354838709677,
                    1.632258064516129
                ],
                [
                    0.9847134853154287,
                    0.12923176963626348,
                    -0.11678399528454535,
                    -0.2569247896259998
                ],
                [
                    0.0,
                    0.0,
                    0.0,
                    1.0
                ]
            ]
        },
        {
            "file_path": "view_005.png",
            "transform_matrix": [
                [
                    -0.5367280526263227,
                    -0.5715761674535593,
                    0.6206639044789506,
                    1.3654605898536913
                ],
                [
                    0.0,
                    0.7355970484510567,
                    0.6774193548387097,
                    1.4903225806451617
                ],
                [
                    -0.8437552948123971,
                    0.3635899711339606,
                    -0.3948155713328065,
                    -0.8685942569321743
                ],
                [
                    0.0,
                    0.0,
                    0.0,
                    1.0
                ]
            ]
        },
        {
            "file_path": "view_006.png",
            "transform_matrix": [
                [
                    0.9657150743757783,
                    0.15911231590736397,
                    -0.20512841356082354,
                    -0.4512825098338118
                ],
                [
                    -0.0,
                    0.7901579815429608,
                    0.6129032258064516,
                    1.3483870967741938
                ],
                [
                    0.25960430490148856,
                    -0.5918898842948319,
                    0.7630674739143751,
                    1.6787484426116255
                ],
                [
                    0.0,
                    0.0,
                    0.0,
                    1.0
                ]
            ]
        },
        {
            "file_path": "view_007.png",
            "transform_matrix": [
                [
                    -0.8874484292452546,
                    0.252755465165396,
                    -0.38542179525703346,
                    -0.8479279495654737
                ],
                [
                    0.0,
                    0.8362246062461756,
                    0.5483870967741935,
                    1.206451612903226
                ],
                [
                    0.4609070247133692,
                    0.48666526765062346,
                    -0.7421062133094,
                    -1.63263366928068
                ],
                [
                    0.0,
                    0.0,
                    0.0,
                    1.0
                ]
            ]
        },
        {
            "file_path": "view_008.png",
            "transform_matrix": [
                [
                    0.34303863087410197,
                    -0.4545103046729604,
                    0.8220370312060853,
                    1.8084814686533879
                ],
                [
                    0.0,
                    0.875139352661325,
                    0.4838709677419355,
                    1.0645161290322582
                ],
                [
                    -0.9393212963241181,
                    -0.16598643429392032,
                    0.3002066053609888,
                    0.6604545317941755
                ],
                [
                    0.0,
                    0.0,
                    0.0,
                    1.0
                ]
            ]
        },
        {
            "file_path": "view_009.png",
            "transform_matrix": [
                [
                    0.38155640847493627,
                    0.38762878160617614,
                    -0.839141605941583,
                    -1.8461115330714828
                ],
                [
                    -0.0,
                    0.9078224051271154,
                    0.4193548387096774,
                    0.9225806451612903
                ],
                [
                    0.9243455561378047,
                    -0.1600075261346507,
                    0.34638545643338076,
                    0.7620480041534378
                ],
                [
                    0.0,
                    0.0,
                    0.0,
                    1.0
                ]
            ]
        },
        {
            "file_path": "view_010.png",
            "transform_matrix": [
                [
                    -0.9057342725556135,
                    -0.1503969659847425,
                    0.39626529010340755,
                    0.8717836382274967
                ],
                [
                    0.0,
                    0.9349275320122217,
                    0.3548387096774194,
                    0.7806451612903227
                ],
                [
                    -0.42384599504791065,
                    0.32138958058424993,
                    -0.8467959080993048,
                    -1.8629509978184708
                ],
                [
                    0.0,
                    0.0,
                    0.0,
                    1.0
                ]
            ]
        },
        {
            "file_path": "view_011.png",
            "transform_matrix": [
                [
                    0.954164120307897,
                    -0.08688886387109213,
                    0.28639336034944646,
                    0.6300653927687823
                ],
                [
                    0.0,
                    0.9569288370446015,
                    0.29032258064516125,
                    0.6387096774193548
                ],
                [
                    -0.2992838644448729,
                    -0.2770153897668088,
                    0.9130671619959212,
                    2.0087477563910268
                ],
                [
                    0.0,
                    0.0,
                    0.0,
                    1.0
                ]
            ]
        },
        {
            "file_path": "view_012.png",
            "transform_matrix": [
                [
                    -0.5014075812324265,
                    0.1953702731700842,
                    -0.842864694861574,
                    -1.854302328695463
                ],
                [
                    0.0,
                    0.9741721851962257,
                    0.22580645161290325,
                    0.4967741935483872
                ],
                [
                    0.86521120975323,
                    0.11322106672990276,
                    -0.48845731908314693,
                    -1.0746061019829234
                ],
                [
                    0.0,
                    0.0,
                    0.0,
                    1.0
                ]
            ]
        },
        {
            "file_path": "view_013.png",
            "transform_matrix": [
                [
                    -0.21471942904125782,
                    -0.15752835058518966,
                    0.9638881602935612,
                    2.120553952645835
                ],
                [
                    0.0,
                    0.9869070026308616,
                    0.16129032258064513,
                    0.3548387096774193
                ],
                [
                    -0.976675773628176,
                    0.03463216597439642,
                    -0.21190810812171773,
                    -0.466197837867779
                ],
                [
                    0.0,
                    0.0,
                    0.0,
                    1.0
                ]
            ]
        },
        {
            "file_path": "view_014.png",
            "transform_matrix": [
                [
                    0.8180624302199666,
                    0.05565768669094253,
                    -0.5724299801502497,
                    -1.2593459563305494
                ],
                [
                    -0.0,
                    0.9953063626155815,
                    0.09677419354838712,
                    0.21290322580645168
                ],
                [
                    0.5751294291397393,
                    -0.07916733195677099,
                    0.8142227418146978,
                    1.7912900319923353
                ],
                [
                    0.0,
                    0.0,
                    0.0,
                    1.0
                ]
            ]
        },
        {
            "file_path": "view_015.png",
            "transform_matrix": [
                [
                    -0.9917081236973846,
                    0.004145506122548166,
                    -0.12844380939383954,
                    -0.282576380666447
                ],
                [
                    0.0,
                    0.9994795732148172,
                    0.032258064516129004,
                    0.07096774193548382
                ],
                [
                    0.12851068979899327,
                    0.03199058463539947,
                    -0.9911920122267289,
                    -2.180622426898804
                ],
                [
                    0.0,
                    0.0,
                    0.0,
                    1.0
                ]
            ]
        },
        {
            "file_path": "view_016.png",
            "transform_matrix": [
                [
                    0.6444469828838243,
                    0.02466609662761427,
                    0.7642510516375448,
                    1.6813523136025987
                ],
                [
                    0.0,
                    0.9994795732148174,
                    -0.032258064516129004,
                    -0.07096774193548382
                ],
                [
                    -0.7646489954560431,
                    0.020788612351091088,
                    0.6441115954123013,
                    1.4170455099070631
                ],
                [
                    0.0,
                    0.0,
                    0.0,
                    1.0
                ]
            ]
        },
        {
            "file_path": "view_017.png",
            "transform_matrix": [
                [
                    0.041317826197375326,
                    -0.0966915536136079,
                    -0.9944564247356998,
                    -2.1878041344185397
                ],
                [
                    -0.0,
                    0.9953063626155816,
                    -0.09677419354838701,
                    -0.21290322580645143
                ],
                [
                    0.9991460540072825,
                    0.003998499309423415,
                    0.041123895303692426,
                    0.09047256966812335
                ],
                [
                    0.0,
                    0.0,
                    0.0,
                    1.0
                ]
            ]
        },
        {
            "file_path": "view_018.png",
            "transform_matrix": [
                [
                    -0.7053799411794167,
                    0.11432732488764766,
                    0.6995487126467727,
                    1.5390071678229
                ],
                [
                    0.0,
                    0.9869070026308615,
                    -0.16129032258064524,
                    -0.35483870967741954
                ],
                [
                    -0.7088294143034152,
                    -0.11377095825474469,
                    -0.6961444034653116,
                    -1.5315176876236856
                ],
                [
                    0.0,
                    0.0,
                    0.0,
                    1.0
                ]
            ]
        },
        {
            "file_path": "view_019.png",
            "transform_matrix": [
                [
                    0.998932605495455,
                    -0.010430326502662684,
                    -0.04499842182909705,
                    -0.09899652802401353
                ],
                [
                    -0.0,
                    0.9741721851962255,
                    -0.22580645161290325,
                    -0.4967741935483872
                ],
                [
                    0.04619144594036331,
                    0.22556542704736085,
                    0.9731323591592667,
                    2.140891190150387
                ],
                [
                    0.0,
                    0.0,
                    0.0,
                    1.0
                ]
            ]
        },
        {
            "file_path": "view_020.png",
            "transform_matrix": [
                [
                    -0.7677836880006592,
                    -0.18601233240881404,
                    -0.6131130569739477,
                    -1.348848725342685
                ],
                [
                    0.0,
                    0.9569288370446016,
                    -0.29032258064516125,
                    -0.6387096774193548
                ],
                [
                    0.6407091449636929,
                    -0.2229049416776107,
                    -0.7347143516602861,
                    -1.6163715736526296
                ],
                [
                    0.0,
                    0.0,
                    0.0,
                    1.0
                ]
            ]
        },
        {
            "file_path": "view_021.png",
            "transform_matrix": [
                [
                    0.13334698776030163,
                    0.3516697916149928,
                    0.9265780800994169,
                    2.0384717762187172
                ],
                [
                    0.0,
                    0.9349275320122219,
                    -0.35483870967741926,
                    -0.7806451612903225
                ],
                [
                    -0.9910694127331617,
                    0.04731667307623605,
                    0.12466977016800275,
                    0.2742734943696061
                ],
                [
                    0.0,
                    0.0,
                    0.0,
                    1.0
                ]
            ]
        },
        {
            "file_path": "view_022.png",
            "transform_matrix": [
                [
                    0.5711318504807801,
                    -0.34423091550182316,
                    -0.7451935897330145,
                    -1.6394258974126321
                ],
                [
                    -0.0,
                    0.9078224051271153,
                    -0.4193548387096775,
                    -0.9225806451612906
                ],
                [
                    0.8208583369658858,
                    0.23950690504032718,
                    0.5184862901481618,
                    1.1406698383259561
                ],
                [
                    0.0,
                    0.0,
                    0.0,
                    1.0
                ]
            ]
        },
        {
            "file_path": "view_023.png",
            "transform_matrix": [
                [
                    -0.9756166914079183,
                    0.1062006625385719,
                    0.1920767834034999,
                    0.4225689234876998
                ],
                [
                    0.0,
                    0.8751393526613249,
                    -0.4838709677419355,
                    -1.0645161290322582
                ],
                [
                    -0.21948136924638192,
                    -0.4720725926167347,
                    -0.8538005597643092,
                    -1.8783612314814804
                ],
                [
                    0.0,
                    0.0,
                    0.0,
                    1.0
                ]
            ]
        },
        {
            "file_path": "view_024.png",
            "transform_matrix": [
                [
                    0.8676469198750973,
                    0.27264757659387157,
                    0.41575488140098305,
                    0.9146607390821627
                ],
                [
                    0.0,
                    0.8362246062461757,
                    -0.5483870967741935,
                    -1.206451612903226
                ],
                [
                    -0.4971808749652952,
                    0.4758063754153759,
                    0.7255477039332603,
                    1.5962049486531729
                ],
                [
                    0.0,
                    0.0,
                    0.0,
                    1.0
                ]
            ]
        },
        {
            "file_path": "view_025.png",
            "transform_matrix": [
                [
                    -0.30393498034490324,
                    -0.5839084763463589,
                    -0.7527778018602947,
                    -1.6561111640926482
                ],
                [
                    0.0,
                    0.7901579815429608,
                    -0.6129032258064516,
                    -1.3483870967741933
                ],
                [
                    0.9526927771966908,
                    -0.18628272988881167,
                    -0.24015665058962818,
                    -0.5283446312971819
                ],
                [
                    0.0,
                    0.0,
                    0.0,
                    1.0
                ]
            ]
        },
        {
            "file_path": "view_026.png",
            "transform_matrix": [
                [
                    -0.41942252894374144,
                    0.61495528404104,
                    0.6677684784747181,
                    1.4690906526443799
                ],
                [
                    0.0,
                    0.7355970484510568,
                    -0.6774193548387097,
                    -1.4903225806451617
                ],
                [
                    -0.9077911335843925,
                    -0.2841249389618894,
                    -0.30852597434489415,
                    -0.6787571435587672
                ],
                [
                    0.0,
                    0.0,
                    0.0,
                    1.0
                ]
            ]
        },
        {
            "file_path": "view_027.png",
            "transform_matrix": [
                [
                    0.922473219560941,
                    -0.286432415829109,
                    -0.25884286807863266,
                    -0.5694543097729919
                ],
                [
                    -0.0,
                    0.6704712803492427,
                    -0.7419354838709677,
                    -1.632258064516129
                ],
                [
                    0.38606108220445123,
                    0.6844156145129562,
                    0.6184918006069122,
                    1.360681961335207
                ],
                [
                    0.0,
                    0.0,
                    0.0,
                    1.0
                ]
            ]
        },
        {
            "file_path": "view_028.png",
            "transform_matrix": [
                [
                    -0.9409835569861543,
                    -0.2729453866732218,
                    -0.20012686320304487,
                    -0.44027909904669876
                ],
                [
                    0.0,
                    0.5913000896717213,
                    -0.8064516129032258,
                    -1.7741935483870968
                ],
                [
                    0.3384522794747951,
                    -0.7588577072468986,
                    -0.5564036616255285,
                    -1.2240880555761626
                ],
                [
                    0.0,
                    0.0,
                    0.0,
                    1.0
                ]
            ]
        },
        {
            "file_path": "view_029.png",
            "transform_matrix": [
                [
                    0.46523075984910384,
                    0.770971445480222,
                    0.43492915554646666,
                    0.9568441422022267
                ],
                [
                    0.0,
                    0.4913402003783168,
                    -0.8709677419354838,
                    -1.9161290322580644
                ],
                [
                    -0.885189437403218,
                    0.4052009843847033,
                    0.22858657476641528,
                    0.5028904644861136
                ],
                [
                    0.0,
                    0.0,
                    0.0,
                    1.0
                ]
            ]
        },
        {
            "file_path": "view_030.png",
            "transform_matrix": [
                [
                    0.25489019011123243,
                    -0.9045848435880144,
                    -0.34169760276581906,
                    -0.751734726084802
                ],
                [
                    -0.0,
                    0.3533693919388167,
                    -0.9354838709677421,
                    -2.0580645161290327
                ],
                [
                    0.9669700052147738,
                    0.2384456617169594,
                    0.0900703914907756,
                    0.19815486127970633
                ],
                [
                    0.0,
                    0.0,
                    0.0,
                    1.0
                ]
            ]
        },
        {
            "file_path": "view_031.png",
            "transform_matrix": [
                [
                    1.0,
                    0.0,
                    0.0,
                    0.0
                ],
                [
                    0.0,
                    -0.0,
                    -1.0,
                    -2.2
                ],
                [
                    0.0,
                    1.0,
                    -0.0,
                    -0.0
                ],
                [
                    0.0,
                    0.0,
                    0.0,
                    1.0
                ]
            ]
        }
    ]
}