{
  "scene": "layout_1d7a01b8-4621-4ac0-8d81-b1c8f0cedc98_LivingDiningRoom-21674",
  "image_size_wh": [
    1024,
    1024
  ],
  "unit": "mm",
  "convention": "OpenCV",
  "views": [
    {
      "filename": "layout_1d7a01b8-4621-4ac0-8d81-b1c8f0cedc98_LivingDiningRoom-21674_az000.png",
      "camera_position_mm": [
        -728.338,
        -1009.138,
        1400.0
      ],
      "focal_point_mm": [
        2500.903,
        -1009.138,
        830.598
      ],
      "up_vector": [
        0.0,
        0.0,
        1.0
      ],
      "fov_vertical_deg": 90.0,
      "focal_length_px": 512.0,
      "K": [
        [
          512.0,
          0.0,
          512.0
        ],
        [
          0.0,
          512.0,
          512.0
        ],
        [
          0.0,
          0.0,
          1.0
        ]
      ],
      "c2w_opencv": [
        [
          0.0,
          -0.173648,
          0.984808,
          -728.337524
        ],
        [
          -1.0,
          -0.0,
          0.0,
          -1009.137512
        ],
        [
          0.0,
          -0.984808,
          -0.173648,
          1400.0
        ],
        [
          0.0,
          0.0,
          0.0,
          1.0
        ]
      ],
      "w2c_opencv": [
        [
          0.0,
          -1.0,
          0.0,
          -1009.137512
        ],
        [
          -0.173648,
          -0.0,
          -0.984808,
          1252.25637
        ],
        [
          0.984808,
          0.0,
          -0.173648,
          960.37989
        ],
        [
          0.0,
          0.0,
          0.0,
          1.0
        ]
      ]
    },
    {
      "filename": "layout_1d7a01b8-4621-4ac0-8d81-b1c8f0cedc98_LivingDiningRoom-21674_az030.png",
      "camera_position_mm": [
        -728.338,
        -1009.138,
        1400.0
      ],
      "focal_point_mm": [
        2068.266,
        605.483,
        830.598
      ],
      "up_vector": [
        0.0,
        0.0,
        1.0
      ],
      "fov_vertical_deg": 90.0,
      "focal_length_px": 512.0,
      "K": [
        [
          512.0,
          0.0,
          512.0
        ],
        [
          0.0,
          512.0,
          512.0
        ],
        [
          0.0,
          0.0,
          1.0
        ]
      ],
      "c2w_opencv": [
        [
          0.5,
          -0.150384,
          0.852869,
          -728.337524
        ],
        [
          -0.866025,
          -0.086824,
          0.492404,
          -1009.137512
        ],
        [
          0.0,
          -0.984808,
          -0.173648,
          1400.0
        ],
        [
          0.0,
          0.0,
          0.0,
          1.0
        ]
      ],
      "w2c_opencv": [
        [
          0.5,
          -0.866025,
          0.0,
          -509.769959
        ],
        [
          -0.150384,
          -0.086824,
          -0.984808,
          1181.583293
        ],
        [
          0.852869,
          0.492404,
          -0.173648,
          1361.186827
        ],
        [
          0.0,
          0.0,
          0.0,
          1.0
        ]
      ]
    },
    {
      "filename": "layout_1d7a01b8-4621-4ac0-8d81-b1c8f0cedc98_LivingDiningRoom-21674_az060.png",
      "camera_position_mm": [
        -728.338,
        -1009.138,
        1400.0
      ],
      "focal_point_mm": [
        886.282,
        1787.466,
        830.598
      ],
      "up_vector": [
        0.0,
        0.0,
        1.0
      ],
      "fov_vertical_deg": 90.0,
      "focal_length_px": 512.0,
      "K": [
        [
          512.0,
          0.0,
          512.0
        ],
        [
          0.0,
          512.0,
          512.0
        ],
        [
          0.0,
          0.0,
          1.0
        ]
      ],
      "c2w_opencv": [
        [
          0.866025,
          -0.086824,
          0.492404,
          -728.337524
        ],
        [
          -0.5,
          -0.150384,
          0.852869,
          -1009.137512
        ],
        [
          0.0,
          -0.984808,
          -0.173648,
          1400.0
        ],
        [
          0.0,
          0.0,
          0.0,
          1.0
        ]
      ],
      "w2c_opencv": [
        [
          0.866025,
          -0.5,
          0.0,
          126.190043
        ],
        [
          -0.086824,
          -0.150384,
          -0.984808,
          1163.735746
        ],
        [
          0.492404,
          0.852869,
          -0.173648,
          1462.405298
        ],
        [
          0.0,
          0.0,
          0.0,
          1.0
        ]
      ]
    },
    {
      "filename": "layout_1d7a01b8-4621-4ac0-8d81-b1c8f0cedc98_LivingDiningRoom-21674_az090.png",
      "camera_position_mm": [
        -728.338,
        -1009.138,
        1400.0
      ],
      "focal_point_mm": [
        -728.338,
        2220.103,
        830.598
      ],
      "up_vector": [
        0.0,
        0.0,
        1.0
      ],
      "fov_vertical_deg": 90.0,
      "focal_length_px": 512.0,
      "K": [
        [
          512.0,
          0.0,
          512.0
        ],
        [
          0.0,
          512.0,
          512.0
        ],
        [
          0.0,
          0.0,
          1.0
        ]
      ],
      "c2w_opencv": [
        [
          1.0,
          -0.0,
          0.0,
          -728.337524
        ],
        [
          -0.0,
          -0.173648,
          0.984808,
          -1009.137512
        ],
        [
          0.0,
          -0.984808,
          -0.173648,
          1400.0
        ],
        [
          0.0,
          0.0,
          0.0,
          1.0
        ]
      ],
      "w2c_opencv": [
        [
          1.0,
          -0.0,
          0.0,
          728.337524
        ],
        [
          -0.0,
          -0.173648,
          -0.984808,
          1203.495964
        ],
        [
          0.0,
          0.984808,
          -0.173648,
          1236.913895
        ],
        [
          0.0,
          0.0,
          0.0,
          1.0
        ]
      ]
    },
    {
      "filename": "layout_1d7a01b8-4621-4ac0-8d81-b1c8f0cedc98_LivingDiningRoom-21674_az120.png",
      "camera_position_mm": [
        -728.338,
        -1009.138,
        1400.0
      ],
      "focal_point_mm": [
        -2342.958,
        1787.466,
        830.598
      ],
      "up_vector": [
        0.0,
        0.0,
        1.0
      ],
      "fov_vertical_deg": 90.0,
      "focal_length_px": 512.0,
      "K": [
        [
          512.0,
          0.0,
          512.0
        ],
        [
          0.0,
          512.0,
          512.0
        ],
        [
          0.0,
          0.0,
          1.0
        ]
      ],
      "c2w_opencv": [
        [
          0.866025,
          0.086824,
          -0.492404,
          -728.337524
        ],
        [
          0.5,
          -0.150384,
          0.852869,
          -1009.137512
        ],
        [
          -0.0,
          -0.984808,
          -0.173648,
          1400.0
        ],
        [
          0.0,
          0.0,
          0.0,
          1.0
        ]
      ],
      "w2c_opencv": [
        [
          0.866025,
          0.5,
          -0.0,
          1135.327555
        ],
        [
          0.086824,
          -0.150384,
          -0.984808,
          1290.21023
        ],
        [
          -0.492404,
          0.852869,
          -0.173648,
          745.132857
        ],
        [
          0.0,
          0.0,
          0.0,
          1.0
        ]
      ]
    },
    {
      "filename": "layout_1d7a01b8-4621-4ac0-8d81-b1c8f0cedc98_LivingDiningRoom-21674_az150.png",
      "camera_position_mm": [
        -728.338,
        -1009.138,
        1400.0
      ],
      "focal_point_mm": [
        -3524.941,
        605.483,
        830.598
      ],
      "up_vector": [
        0.0,
        0.0,
        1.0
      ],
      "fov_vertical_deg": 90.0,
      "focal_length_px": 512.0,
      "K": [
        [
          512.0,
          0.0,
          512.0
        ],
        [
          0.0,
          512.0,
          512.0
        ],
        [
          0.0,
          0.0,
          1.0
        ]
      ],
      "c2w_opencv": [
        [
          0.5,
          0.150384,
          -0.852869,
          -728.337524
        ],
        [
          0.866025,
          -0.086824,
          0.492404,
          -1009.137512
        ],
        [
          -0.0,
          -0.984808,
          -0.173648,
          1400.0
        ],
        [
          0.0,
          0.0,
          0.0,
          1.0
        ]
      ],
      "w2c_opencv": [
        [
          0.5,
          0.866025,
          -0.0,
          1238.107484
        ],
        [
          0.150384,
          -0.086824,
          -0.984808,
          1400.643525
        ],
        [
          -0.852869,
          0.492404,
          -0.173648,
          118.834516
        ],
        [
          0.0,
          0.0,
          0.0,
          1.0
        ]
      ]
    },
    {
      "filename": "layout_1d7a01b8-4621-4ac0-8d81-b1c8f0cedc98_LivingDiningRoom-21674_az180.png",
      "camera_position_mm": [
        -728.338,
        -1009.138,
        1400.0
      ],
      "focal_point_mm": [
        -3957.578,
        -1009.138,
        830.598
      ],
      "up_vector": [
        0.0,
        0.0,
        1.0
      ],
      "fov_vertical_deg": 90.0,
      "focal_length_px": 512.0,
      "K": [
        [
          512.0,
          0.0,
          512.0
        ],
        [
          0.0,
          512.0,
          512.0
        ],
        [
          0.0,
          0.0,
          1.0
        ]
      ],
      "c2w_opencv": [
        [
          0.0,
          0.173648,
          -0.984808,
          -728.337524
        ],
        [
          1.0,
          -0.0,
          0.0,
          -1009.137512
        ],
        [
          -0.0,
          -0.984808,
          -0.173648,
          1400.0
        ],
        [
          0.0,
          0.0,
          0.0,
          1.0
        ]
      ],
      "w2c_opencv": [
        [
          0.0,
          1.0,
          -0.0,
          1009.137512
        ],
        [
          0.173648,
          -0.0,
          -0.984808,
          1505.205338
        ],
        [
          -0.984808,
          0.0,
          -0.173648,
          -474.164992
        ],
        [
          0.0,
          0.0,
          0.0,
          1.0
        ]
      ]
    },
    {
      "filename": "layout_1d7a01b8-4621-4ac0-8d81-b1c8f0cedc98_LivingDiningRoom-21674_az210.png",
      "camera_position_mm": [
        -728.338,
        -1009.138,
        1400.0
      ],
      "focal_point_mm": [
        -3524.941,
        -2623.758,
        830.598
      ],
      "up_vector": [
        0.0,
        0.0,
        1.0
      ],
      "fov_vertical_deg": 90.0,
      "focal_length_px": 512.0,
      "K": [
        [
          512.0,
          0.0,
          512.0
        ],
        [
          0.0,
          512.0,
          512.0
        ],
        [
          0.0,
          0.0,
          1.0
        ]
      ],
      "c2w_opencv": [
        [
          -0.5,
          0.150384,
          -0.852869,
          -728.337524
        ],
        [
          0.866025,
          0.086824,
          -0.492404,
          -1009.137512
        ],
        [
          0.0,
          -0.984808,
          -0.173648,
          1400.0
        ],
        [
          0.0,
          0.0,
          0.0,
          1.0
        ]
      ],
      "w2c_opencv": [
        [
          -0.5,
          0.866025,
          0.0,
          509.769959
        ],
        [
          0.150384,
          0.086824,
          -0.984808,
          1575.878415
        ],
        [
          -0.852869,
          -0.492404,
          -0.173648,
          -874.971929
        ],
        [
          0.0,
          0.0,
          0.0,
          1.0
        ]
      ]
    },
    {
      "filename": "layout_1d7a01b8-4621-4ac0-8d81-b1c8f0cedc98_LivingDiningRoom-21674_az240.png",
      "camera_position_mm": [
        -728.338,
        -1009.138,
        1400.0
      ],
      "focal_point_mm": [
        -2342.958,
        -3805.741,
        830.598
      ],
      "up_vector": [
        0.0,
        0.0,
        1.0
      ],
      "fov_vertical_deg": 90.0,
      "focal_length_px": 512.0,
      "K": [
        [
          512.0,
          0.0,
          512.0
        ],
        [
          0.0,
          512.0,
          512.0
        ],
        [
          0.0,
          0.0,
          1.0
        ]
      ],
      "c2w_opencv": [
        [
          -0.866025,
          0.086824,
          -0.492404,
          -728.337524
        ],
        [
          0.5,
          0.150384,
          -0.852869,
          -1009.137512
        ],
        [
          0.0,
          -0.984808,
          -0.173648,
          1400.0
        ],
        [
          0.0,
          0.0,
          0.0,
          1.0
        ]
      ],
      "w2c_opencv": [
        [
          -0.866025,
          0.5,
          0.0,
          -126.190043
        ],
        [
          0.086824,
          0.150384,
          -0.984808,
          1593.725963
        ],
        [
          -0.492404,
          -0.852869,
          -0.173648,
          -976.1904
        ],
        [
          0.0,
          0.0,
          0.0,
          1.0
        ]
      ]
    },
    {
      "filename": "layout_1d7a01b8-4621-4ac0-8d81-b1c8f0cedc98_LivingDiningRoom-21674_az270.png",
      "camera_position_mm": [
        -728.338,
        -1009.138,
        1400.0
      ],
      "focal_point_mm": [
        -728.338,
        -4238.378,
        830.598
      ],
      "up_vector": [
        0.0,
        0.0,
        1.0
      ],
      "fov_vertical_deg": 90.0,
      "focal_length_px": 512.0,
      "K": [
        [
          512.0,
          0.0,
          512.0
        ],
        [
          0.0,
          512.0,
          512.0
        ],
        [
          0.0,
          0.0,
          1.0
        ]
      ],
      "c2w_opencv": [
        [
          -1.0,
          0.0,
          -0.0,
          -728.337524
        ],
        [
          0.0,
          0.173648,
          -0.984808,
          -1009.137512
        ],
        [
          0.0,
          -0.984808,
          -0.173648,
          1400.0
        ],
        [
          0.0,
          0.0,
          0.0,
          1.0
        ]
      ],
      "w2c_opencv": [
        [
          -1.0,
          0.0,
          0.0,
          -728.337524
        ],
        [
          0.0,
          0.173648,
          -0.984808,
          1553.965744
        ],
        [
          -0.0,
          -0.984808,
          -0.173648,
          -750.698997
        ],
        [
          0.0,
          0.0,
          0.0,
          1.0
        ]
      ]
    },
    {
      "filename": "layout_1d7a01b8-4621-4ac0-8d81-b1c8f0cedc98_LivingDiningRoom-21674_az300.png",
      "camera_position_mm": [
        -728.338,
        -1009.138,
        1400.0
      ],
      "focal_point_mm": [
        886.282,
        -3805.741,
        830.598
      ],
      "up_vector": [
        0.0,
        0.0,
        1.0
      ],
      "fov_vertical_deg": 90.0,
      "focal_length_px": 512.0,
      "K": [
        [
          512.0,
          0.0,
          512.0
        ],
        [
          0.0,
          512.0,
          512.0
        ],
        [
          0.0,
          0.0,
          1.0
        ]
      ],
      "c2w_opencv": [
        [
          -0.866025,
          -0.086824,
          0.492404,
          -728.337524
        ],
        [
          -0.5,
          0.150384,
          -0.852869,
          -1009.137512
        ],
        [
          0.0,
          -0.984808,
          -0.173648,
          1400.0
        ],
        [
          0.0,
          0.0,
          0.0,
          1.0
        ]
      ],
      "w2c_opencv": [
        [
          -0.866025,
          -0.5,
          0.0,
          -1135.327555
        ],
        [
          -0.086824,
          0.150384,
          -0.984808,
          1467.251479
        ],
        [
          0.492404,
          -0.852869,
          -0.173648,
          -258.917959
        ],
        [
          0.0,
          0.0,
          0.0,
          1.0
        ]
      ]
    },
    {
      "filename": "layout_1d7a01b8-4621-4ac0-8d81-b1c8f0cedc98_LivingDiningRoom-21674_az330.png",
      "camera_position_mm": [
        -728.338,
        -1009.138,
        1400.0
      ],
      "focal_point_mm": [
        2068.266,
        -2623.758,
        830.598
      ],
      "up_vector": [
        0.0,
        0.0,
        1.0
      ],
      "fov_vertical_deg": 90.0,
      "focal_length_px": 512.0,
      "K": [
        [
          512.0,
          0.0,
          512.0
        ],
        [
          0.0,
          512.0,
          512.0
        ],
        [
          0.0,
          0.0,
          1.0
        ]
      ],
      "c2w_opencv": [
        [
          -0.5,
          -0.150384,
          0.852869,
          -728.337524
        ],
        [
          -0.866025,
          0.086824,
          -0.492404,
          -1009.137512
        ],
        [
          0.0,
          -0.984808,
          -0.173648,
          1400.0
        ],
        [
          0.0,
          0.0,
          0.0,
          1.0
        ]
      ],
      "w2c_opencv": [
        [
          -0.5,
          -0.866025,
          0.0,
          -1238.107484
        ],
        [
          -0.150384,
          0.086824,
          -0.984808,
          1356.818183
        ],
        [
          0.852869,
          -0.492404,
          -0.173648,
          367.380381
        ],
        [
          0.0,
          0.0,
          0.0,
          1.0
        ]
      ]
    },
    {
      "filename": "layout_1d7a01b8-4621-4ac0-8d81-b1c8f0cedc98_LivingDiningRoom-21674_corner_NE.png",
      "camera_position_mm": [
        -2330.68,
        3229.24,
        2652.0
      ],
      "focal_point_mm": [
        0.0,
        0.0,
        575.0
      ],
      "up_vector": [
        0.0,
        0.0,
        1.0
      ],
      "fov_vertical_deg": 105.0,
      "focal_length_px": 392.8714,
      "K": [
        [
          392.871418,
          0.0,
          512.0
        ],
        [
          0.0,
          392.871418,
          512.0
        ],
        [
          0.0,
          0.0,
          1.0
        ]
      ],
      "c2w_opencv": [
        [
          -0.810864,
          -0.270627,
          0.518904,
          -2330.680078
        ],
        [
          -0.585235,
          0.374963,
          -0.71896,
          3229.240039
        ],
        [
          0.0,
          -0.886659,
          -0.462424,
          2652.0
        ],
        [
          0.0,
          0.0,
          0.0,
          1.0
        ]
      ],
      "w2c_opencv": [
        [
          -0.810864,
          -0.585235,
          0.0,
          -0.0
        ],
        [
          -0.270627,
          0.374963,
          -0.886659,
          509.828806
        ],
        [
          0.518904,
          -0.71896,
          -0.462424,
          4757.44043
        ],
        [
          0.0,
          0.0,
          0.0,
          1.0
        ]
      ]
    },
    {
      "filename": "layout_1d7a01b8-4621-4ac0-8d81-b1c8f0cedc98_LivingDiningRoom-21674_corner_NW.png",
      "camera_position_mm": [
        2330.68,
        3229.24,
        2652.0
      ],
      "focal_point_mm": [
        0.0,
        0.0,
        575.0
      ],
      "up_vector": [
        0.0,
        0.0,
        1.0
      ],
      "fov_vertical_deg": 105.0,
      "focal_length_px": 392.8714,
      "K": [
        [
          392.871418,
          0.0,
          512.0
        ],
        [
          0.0,
          392.871418,
          512.0
        ],
        [
          0.0,
          0.0,
          1.0
        ]
      ],
      "c2w_opencv": [
        [
          -0.810864,
          0.270627,
          -0.518904,
          2330.680078
        ],
        [
          0.585235,
          0.374963,
          -0.71896,
          3229.240039
        ],
        [
          0.0,
          -0.886659,
          -0.462424,
          2652.0
        ],
        [
          0.0,
          0.0,
          0.0,
          1.0
        ]
      ],
      "w2c_opencv": [
        [
          -0.810864,
          0.585235,
          0.0,
          -0.0
        ],
        [
          0.270627,
          0.374963,
          -0.886659,
          509.828806
        ],
        [
          -0.518904,
          -0.71896,
          -0.462424,
          4757.44043
        ],
        [
          0.0,
          0.0,
          0.0,
          1.0
        ]
      ]
    },
    {
      "filename": "layout_1d7a01b8-4621-4ac0-8d81-b1c8f0cedc98_LivingDiningRoom-21674_corner_SW.png",
      "camera_position_mm": [
        2330.68,
        -3229.24,
        2652.0
      ],
      "focal_point_mm": [
        0.0,
        0.0,
        575.0
      ],
      "up_vector": [
        0.0,
        0.0,
        1.0
      ],
      "fov_vertical_deg": 105.0,
      "focal_length_px": 392.8714,
      "K": [
        [
          392.871418,
          0.0,
          512.0
        ],
        [
          0.0,
          392.871418,
          512.0
        ],
        [
          0.0,
          0.0,
          1.0
        ]
      ],
      "c2w_opencv": [
        [
          0.810864,
          0.270627,
          -0.518904,
          2330.680078
        ],
        [
          0.585235,
          -0.374963,
          0.71896,
          -3229.240039
        ],
        [
          -0.0,
          -0.886659,
          -0.462424,
          2652.0
        ],
        [
          0.0,
          0.0,
          0.0,
          1.0
        ]
      ],
      "w2c_opencv": [
        [
          0.810864,
          0.585235,
          -0.0,
          -0.0
        ],
        [
          0.270627,
          -0.374963,
          -0.886659,
          509.828806
        ],
        [
          -0.518904,
          0.71896,
          -0.462424,
          4757.44043
        ],
        [
          0.0,
          0.0,
          0.0,
          1.0
        ]
      ]
    },
    {
      "filename": "layout_1d7a01b8-4621-4ac0-8d81-b1c8f0cedc98_LivingDiningRoom-21674_corner_SE.png",
      "camera_position_mm": [
        -2330.68,
        -3229.24,
        2652.0
      ],
      "focal_point_mm": [
        0.0,
        0.0,
        575.0
      ],
      "up_vector": [
        0.0,
        0.0,
        1.0
      ],
      "fov_vertical_deg": 105.0,
      "focal_length_px": 392.8714,
      "K": [
        [
          392.871418,
          0.0,
          512.0
        ],
        [
          0.0,
          392.871418,
          512.0
        ],
        [
          0.0,
          0.0,
          1.0
        ]
      ],
      "c2w_opencv": [
        [
          0.810864,
          -0.270627,
          0.518904,
          -2330.680078
        ],
        [
          -0.585235,
          -0.374963,
          0.71896,
          -3229.240039
        ],
        [
          0.0,
          -0.886659,
          -0.462424,
          2652.0
        ],
        [
          0.0,
          0.0,
          0.0,
          1.0
        ]
      ],
      "w2c_opencv": [
        [
          0.810864,
          -0.585235,
          0.0,
          -0.0
        ],
        [
          -0.270627,
          -0.374963,
          -0.886659,
          509.828806
        ],
        [
          0.518904,
          0.71896,
          -0.462424,
          4757.44043
        ],
        [
          0.0,
          0.0,
          0.0,
          1.0
        ]
      ]
    }
  ]
}