{
  "scene": "layout_0d4d89c6-007c-42c6-8b69-23ec5502d56d_LivingDiningRoom-31836",
  "image_size_wh": [
    1024,
    1024
  ],
  "unit": "mm",
  "convention": "OpenCV",
  "views": [
    {
      "filename": "layout_0d4d89c6-007c-42c6-8b69-23ec5502d56d_LivingDiningRoom-31836_az000.png",
      "camera_position_mm": [
        -971.088,
        -834.138,
        1400.0
      ],
      "focal_point_mm": [
        2136.393,
        -834.138,
        852.067
      ],
      "up_vector": [
        0.0,
        0.0,
        1.0
      ],
      "fov_vertical_deg": 90.0,
      "focal_length_px": 512.0,
      "K": [
        [
          512.0,
          0.0,
          512.0
        ],
        [
          0.0,
          512.0,
          512.0
        ],
        [
          0.0,
          0.0,
          1.0
        ]
      ],
      "c2w_opencv": [
        [
          0.0,
          -0.173648,
          0.984808,
          -971.087524
        ],
        [
          -1.0,
          -0.0,
          0.0,
          -834.137512
        ],
        [
          0.0,
          -0.984808,
          -0.173648,
          1400.0
        ],
        [
          0.0,
          0.0,
          0.0,
          1.0
        ]
      ],
      "w2c_opencv": [
        [
          0.0,
          -1.0,
          0.0,
          -834.137512
        ],
        [
          -0.173648,
          -0.0,
          -0.984808,
          1210.103275
        ],
        [
          0.984808,
          0.0,
          -0.173648,
          1199.441972
        ],
        [
          0.0,
          0.0,
          0.0,
          1.0
        ]
      ]
    },
    {
      "filename": "layout_0d4d89c6-007c-42c6-8b69-23ec5502d56d_LivingDiningRoom-31836_az030.png",
      "camera_position_mm": [
        -971.088,
        -834.138,
        1400.0
      ],
      "focal_point_mm": [
        1720.069,
        719.603,
        852.067
      ],
      "up_vector": [
        0.0,
        0.0,
        1.0
      ],
      "fov_vertical_deg": 90.0,
      "focal_length_px": 512.0,
      "K": [
        [
          512.0,
          0.0,
          512.0
        ],
        [
          0.0,
          512.0,
          512.0
        ],
        [
          0.0,
          0.0,
          1.0
        ]
      ],
      "c2w_opencv": [
        [
          0.5,
          -0.150384,
          0.852869,
          -971.087524
        ],
        [
          -0.866025,
          -0.086824,
          0.492404,
          -834.137512
        ],
        [
          0.0,
          -0.984808,
          -0.173648,
          1400.0
        ],
        [
          0.0,
          0.0,
          0.0,
          1.0
        ]
      ],
      "w2c_opencv": [
        [
          0.5,
          -0.866025,
          0.0,
          -236.840514
        ],
        [
          -0.150384,
          -0.086824,
          -0.984808,
          1160.271858
        ],
        [
          0.852869,
          0.492404,
          -0.173648,
          1482.049985
        ],
        [
          0.0,
          0.0,
          0.0,
          1.0
        ]
      ]
    },
    {
      "filename": "layout_0d4d89c6-007c-42c6-8b69-23ec5502d56d_LivingDiningRoom-31836_az060.png",
      "camera_position_mm": [
        -971.088,
        -834.138,
        1400.0
      ],
      "focal_point_mm": [
        582.653,
        1857.019,
        852.067
      ],
      "up_vector": [
        0.0,
        0.0,
        1.0
      ],
      "fov_vertical_deg": 90.0,
      "focal_length_px": 512.0,
      "K": [
        [
          512.0,
          0.0,
          512.0
        ],
        [
          0.0,
          512.0,
          512.0
        ],
        [
          0.0,
          0.0,
          1.0
        ]
      ],
      "c2w_opencv": [
        [
          0.866025,
          -0.086824,
          0.492404,
          -971.087524
        ],
        [
          -0.5,
          -0.150384,
          0.852869,
          -834.137512
        ],
        [
          0.0,
          -0.984808,
          -0.173648,
          1400.0
        ],
        [
          0.0,
          0.0,
          0.0,
          1.0
        ]
      ],
      "w2c_opencv": [
        [
          0.866025,
          -0.5,
          0.0,
          423.917709
        ],
        [
          -0.086824,
          -0.150384,
          -0.984808,
          1168.976352
        ],
        [
          0.492404,
          0.852869,
          -0.173648,
          1432.684346
        ],
        [
          0.0,
          0.0,
          0.0,
          1.0
        ]
      ]
    },
    {
      "filename": "layout_0d4d89c6-007c-42c6-8b69-23ec5502d56d_LivingDiningRoom-31836_az090.png",
      "camera_position_mm": [
        -971.088,
        -834.138,
        1400.0
      ],
      "focal_point_mm": [
        -971.088,
        2273.343,
        852.067
      ],
      "up_vector": [
        0.0,
        0.0,
        1.0
      ],
      "fov_vertical_deg": 90.0,
      "focal_length_px": 512.0,
      "K": [
        [
          512.0,
          0.0,
          512.0
        ],
        [
          0.0,
          512.0,
          512.0
        ],
        [
          0.0,
          0.0,
          1.0
        ]
      ],
      "c2w_opencv": [
        [
          1.0,
          -0.0,
          0.0,
          -971.087524
        ],
        [
          -0.0,
          -0.173648,
          0.984808,
          -834.137512
        ],
        [
          0.0,
          -0.984808,
          -0.173648,
          1400.0
        ],
        [
          0.0,
          0.0,
          0.0,
          1.0
        ]
      ],
      "w2c_opencv": [
        [
          1.0,
          -0.0,
          0.0,
          971.087524
        ],
        [
          -0.0,
          -0.173648,
          -0.984808,
          1233.884395
        ],
        [
          0.0,
          0.984808,
          -0.173648,
          1064.572538
        ],
        [
          0.0,
          0.0,
          0.0,
          1.0
        ]
      ]
    },
    {
      "filename": "layout_0d4d89c6-007c-42c6-8b69-23ec5502d56d_LivingDiningRoom-31836_az120.png",
      "camera_position_mm": [
        -971.088,
        -834.138,
        1400.0
      ],
      "focal_point_mm": [
        -2524.828,
        1857.019,
        852.067
      ],
      "up_vector": [
        0.0,
        0.0,
        1.0
      ],
      "fov_vertical_deg": 90.0,
      "focal_length_px": 512.0,
      "K": [
        [
          512.0,
          0.0,
          512.0
        ],
        [
          0.0,
          512.0,
          512.0
        ],
        [
          0.0,
          0.0,
          1.0
        ]
      ],
      "c2w_opencv": [
        [
          0.866025,
          0.086824,
          -0.492404,
          -971.087524
        ],
        [
          0.5,
          -0.150384,
          0.852869,
          -834.137512
        ],
        [
          -0.0,
          -0.984808,
          -0.173648,
          1400.0
        ],
        [
          0.0,
          0.0,
          0.0,
          1.0
        ]
      ],
      "w2c_opencv": [
        [
          0.866025,
          0.5,
          -0.0,
          1258.055222
        ],
        [
          0.086824,
          -0.150384,
          -0.984808,
          1337.603931
        ],
        [
          -0.492404,
          0.852869,
          -0.173648,
          476.349823
        ],
        [
          0.0,
          0.0,
          0.0,
          1.0
        ]
      ]
    },
    {
      "filename": "layout_0d4d89c6-007c-42c6-8b69-23ec5502d56d_LivingDiningRoom-31836_az150.png",
      "camera_position_mm": [
        -971.088,
        -834.138,
        1400.0
      ],
      "focal_point_mm": [
        -3662.244,
        719.603,
        852.067
      ],
      "up_vector": [
        0.0,
        0.0,
        1.0
      ],
      "fov_vertical_deg": 90.0,
      "focal_length_px": 512.0,
      "K": [
        [
          512.0,
          0.0,
          512.0
        ],
        [
          0.0,
          512.0,
          512.0
        ],
        [
          0.0,
          0.0,
          1.0
        ]
      ],
      "c2w_opencv": [
        [
          0.5,
          0.150384,
          -0.852869,
          -971.087524
        ],
        [
          0.866025,
          -0.086824,
          0.492404,
          -834.137512
        ],
        [
          -0.0,
          -0.984808,
          -0.173648,
          1400.0
        ],
        [
          0.0,
          0.0,
          0.0,
          1.0
        ]
      ],
      "w2c_opencv": [
        [
          0.5,
          0.866025,
          -0.0,
          1207.928038
        ],
        [
          0.150384,
          -0.086824,
          -0.984808,
          1452.343392
        ],
        [
          -0.852869,
          0.492404,
          -0.173648,
          -174.369998
        ],
        [
          0.0,
          0.0,
          0.0,
          1.0
        ]
      ]
    },
    {
      "filename": "layout_0d4d89c6-007c-42c6-8b69-23ec5502d56d_LivingDiningRoom-31836_az180.png",
      "camera_position_mm": [
        -971.088,
        -834.138,
        1400.0
      ],
      "focal_point_mm": [
        -4078.568,
        -834.138,
        852.067
      ],
      "up_vector": [
        0.0,
        0.0,
        1.0
      ],
      "fov_vertical_deg": 90.0,
      "focal_length_px": 512.0,
      "K": [
        [
          512.0,
          0.0,
          512.0
        ],
        [
          0.0,
          512.0,
          512.0
        ],
        [
          0.0,
          0.0,
          1.0
        ]
      ],
      "c2w_opencv": [
        [
          0.0,
          0.173648,
          -0.984808,
          -971.087524
        ],
        [
          1.0,
          -0.0,
          0.0,
          -834.137512
        ],
        [
          -0.0,
          -0.984808,
          -0.173648,
          1400.0
        ],
        [
          0.0,
          0.0,
          0.0,
          1.0
        ]
      ],
      "w2c_opencv": [
        [
          0.0,
          1.0,
          -0.0,
          834.137512
        ],
        [
          0.173648,
          -0.0,
          -0.984808,
          1547.358433
        ],
        [
          -0.984808,
          0.0,
          -0.173648,
          -713.227074
        ],
        [
          0.0,
          0.0,
          0.0,
          1.0
        ]
      ]
    },
    {
      "filename": "layout_0d4d89c6-007c-42c6-8b69-23ec5502d56d_LivingDiningRoom-31836_az210.png",
      "camera_position_mm": [
        -971.088,
        -834.138,
        1400.0
      ],
      "focal_point_mm": [
        -3662.244,
        -2387.878,
        852.067
      ],
      "up_vector": [
        0.0,
        0.0,
        1.0
      ],
      "fov_vertical_deg": 90.0,
      "focal_length_px": 512.0,
      "K": [
        [
          512.0,
          0.0,
          512.0
        ],
        [
          0.0,
          512.0,
          512.0
        ],
        [
          0.0,
          0.0,
          1.0
        ]
      ],
      "c2w_opencv": [
        [
          -0.5,
          0.150384,
          -0.852869,
          -971.087524
        ],
        [
          0.866025,
          0.086824,
          -0.492404,
          -834.137512
        ],
        [
          0.0,
          -0.984808,
          -0.173648,
          1400.0
        ],
        [
          0.0,
          0.0,
          0.0,
          1.0
        ]
      ],
      "w2c_opencv": [
        [
          -0.5,
          0.866025,
          0.0,
          236.840514
        ],
        [
          0.150384,
          0.086824,
          -0.984808,
          1597.189851
        ],
        [
          -0.852869,
          -0.492404,
          -0.173648,
          -995.835087
        ],
        [
          0.0,
          0.0,
          0.0,
          1.0
        ]
      ]
    },
    {
      "filename": "layout_0d4d89c6-007c-42c6-8b69-23ec5502d56d_LivingDiningRoom-31836_az240.png",
      "camera_position_mm": [
        -971.088,
        -834.138,
        1400.0
      ],
      "focal_point_mm": [
        -2524.828,
        -3525.294,
        852.067
      ],
      "up_vector": [
        0.0,
        0.0,
        1.0
      ],
      "fov_vertical_deg": 90.0,
      "focal_length_px": 512.0,
      "K": [
        [
          512.0,
          0.0,
          512.0
        ],
        [
          0.0,
          512.0,
          512.0
        ],
        [
          0.0,
          0.0,
          1.0
        ]
      ],
      "c2w_opencv": [
        [
          -0.866025,
          0.086824,
          -0.492404,
          -971.087524
        ],
        [
          0.5,
          0.150384,
          -0.852869,
          -834.137512
        ],
        [
          0.0,
          -0.984808,
          -0.173648,
          1400.0
        ],
        [
          0.0,
          0.0,
          0.0,
          1.0
        ]
      ],
      "w2c_opencv": [
        [
          -0.866025,
          0.5,
          0.0,
          -423.917709
        ],
        [
          0.086824,
          0.150384,
          -0.984808,
          1588.485357
        ],
        [
          -0.492404,
          -0.852869,
          -0.173648,
          -946.469448
        ],
        [
          0.0,
          0.0,
          0.0,
          1.0
        ]
      ]
    },
    {
      "filename": "layout_0d4d89c6-007c-42c6-8b69-23ec5502d56d_LivingDiningRoom-31836_az270.png",
      "camera_position_mm": [
        -971.088,
        -834.138,
        1400.0
      ],
      "focal_point_mm": [
        -971.088,
        -3941.618,
        852.067
      ],
      "up_vector": [
        0.0,
        0.0,
        1.0
      ],
      "fov_vertical_deg": 90.0,
      "focal_length_px": 512.0,
      "K": [
        [
          512.0,
          0.0,
          512.0
        ],
        [
          0.0,
          512.0,
          512.0
        ],
        [
          0.0,
          0.0,
          1.0
        ]
      ],
      "c2w_opencv": [
        [
          -1.0,
          0.0,
          -0.0,
          -971.087524
        ],
        [
          0.0,
          0.173648,
          -0.984808,
          -834.137512
        ],
        [
          0.0,
          -0.984808,
          -0.173648,
          1400.0
        ],
        [
          0.0,
          0.0,
          0.0,
          1.0
        ]
      ],
      "w2c_opencv": [
        [
          -1.0,
          0.0,
          0.0,
          -971.087524
        ],
        [
          0.0,
          0.173648,
          -0.984808,
          1523.577313
        ],
        [
          -0.0,
          -0.984808,
          -0.173648,
          -578.35764
        ],
        [
          0.0,
          0.0,
          0.0,
          1.0
        ]
      ]
    },
    {
      "filename": "layout_0d4d89c6-007c-42c6-8b69-23ec5502d56d_LivingDiningRoom-31836_az300.png",
      "camera_position_mm": [
        -971.088,
        -834.138,
        1400.0
      ],
      "focal_point_mm": [
        582.653,
        -3525.294,
        852.067
      ],
      "up_vector": [
        0.0,
        0.0,
        1.0
      ],
      "fov_vertical_deg": 90.0,
      "focal_length_px": 512.0,
      "K": [
        [
          512.0,
          0.0,
          512.0
        ],
        [
          0.0,
          512.0,
          512.0
        ],
        [
          0.0,
          0.0,
          1.0
        ]
      ],
      "c2w_opencv": [
        [
          -0.866025,
          -0.086824,
          0.492404,
          -971.087524
        ],
        [
          -0.5,
          0.150384,
          -0.852869,
          -834.137512
        ],
        [
          0.0,
          -0.984808,
          -0.173648,
          1400.0
        ],
        [
          0.0,
          0.0,
          0.0,
          1.0
        ]
      ],
      "w2c_opencv": [
        [
          -0.866025,
          -0.5,
          0.0,
          -1258.055222
        ],
        [
          -0.086824,
          0.150384,
          -0.984808,
          1419.857778
        ],
        [
          0.492404,
          -0.852869,
          -0.173648,
          9.865075
        ],
        [
          0.0,
          0.0,
          0.0,
          1.0
        ]
      ]
    },
    {
      "filename": "layout_0d4d89c6-007c-42c6-8b69-23ec5502d56d_LivingDiningRoom-31836_az330.png",
      "camera_position_mm": [
        -971.088,
        -834.138,
        1400.0
      ],
      "focal_point_mm": [
        1720.069,
        -2387.878,
        852.067
      ],
      "up_vector": [
        0.0,
        0.0,
        1.0
      ],
      "fov_vertical_deg": 90.0,
      "focal_length_px": 512.0,
      "K": [
        [
          512.0,
          0.0,
          512.0
        ],
        [
          0.0,
          512.0,
          512.0
        ],
        [
          0.0,
          0.0,
          1.0
        ]
      ],
      "c2w_opencv": [
        [
          -0.5,
          -0.150384,
          0.852869,
          -971.087524
        ],
        [
          -0.866025,
          0.086824,
          -0.492404,
          -834.137512
        ],
        [
          0.0,
          -0.984808,
          -0.173648,
          1400.0
        ],
        [
          0.0,
          0.0,
          0.0,
          1.0
        ]
      ],
      "w2c_opencv": [
        [
          -0.5,
          -0.866025,
          0.0,
          -1207.928038
        ],
        [
          -0.150384,
          0.086824,
          -0.984808,
          1305.118317
        ],
        [
          0.852869,
          -0.492404,
          -0.173648,
          660.584896
        ],
        [
          0.0,
          0.0,
          0.0,
          1.0
        ]
      ]
    },
    {
      "filename": "layout_0d4d89c6-007c-42c6-8b69-23ec5502d56d_LivingDiningRoom-31836_corner_NE.png",
      "camera_position_mm": [
        -3107.48,
        2669.24,
        2806.1
      ],
      "focal_point_mm": [
        0.0,
        0.0,
        616.875
      ],
      "up_vector": [
        0.0,
        0.0,
        1.0
      ],
      "fov_vertical_deg": 105.0,
      "focal_length_px": 392.8714,
      "K": [
        [
          392.871418,
          0.0,
          512.0
        ],
        [
          0.0,
          392.871418,
          512.0
        ],
        [
          0.0,
          0.0,
          1.0
        ]
      ],
      "c2w_opencv": [
        [
          -0.651591,
          -0.357537,
          0.669026,
          -3107.480078
        ],
        [
          -0.75857,
          0.307115,
          -0.574675,
          2669.240039
        ],
        [
          0.0,
          -0.881957,
          -0.47133,
          2806.1
        ],
        [
          0.0,
          0.0,
          0.0,
          1.0
        ]
      ],
      "w2c_opencv": [
        [
          -0.651591,
          -0.75857,
          0.0,
          -0.0
        ],
        [
          -0.357537,
          0.307115,
          -0.881957,
          544.057122
        ],
        [
          0.669026,
          -0.574675,
          -0.47133,
          4935.531773
        ],
        [
          0.0,
          0.0,
          0.0,
          1.0
        ]
      ]
    },
    {
      "filename": "layout_0d4d89c6-007c-42c6-8b69-23ec5502d56d_LivingDiningRoom-31836_corner_NW.png",
      "camera_position_mm": [
        3107.48,
        2669.24,
        2806.1
      ],
      "focal_point_mm": [
        0.0,
        0.0,
        616.875
      ],
      "up_vector": [
        0.0,
        0.0,
        1.0
      ],
      "fov_vertical_deg": 105.0,
      "focal_length_px": 392.8714,
      "K": [
        [
          392.871418,
          0.0,
          512.0
        ],
        [
          0.0,
          392.871418,
          512.0
        ],
        [
          0.0,
          0.0,
          1.0
        ]
      ],
      "c2w_opencv": [
        [
          -0.651591,
          0.357537,
          -0.669026,
          3107.480078
        ],
        [
          0.75857,
          0.307115,
          -0.574675,
          2669.240039
        ],
        [
          0.0,
          -0.881957,
          -0.47133,
          2806.1
        ],
        [
          0.0,
          0.0,
          0.0,
          1.0
        ]
      ],
      "w2c_opencv": [
        [
          -0.651591,
          0.75857,
          0.0,
          -0.0
        ],
        [
          0.357537,
          0.307115,
          -0.881957,
          544.057122
        ],
        [
          -0.669026,
          -0.574675,
          -0.47133,
          4935.531773
        ],
        [
          0.0,
          0.0,
          0.0,
          1.0
        ]
      ]
    },
    {
      "filename": "layout_0d4d89c6-007c-42c6-8b69-23ec5502d56d_LivingDiningRoom-31836_corner_SW.png",
      "camera_position_mm": [
        3107.48,
        -2669.24,
        2806.1
      ],
      "focal_point_mm": [
        0.0,
        0.0,
        616.875
      ],
      "up_vector": [
        0.0,
        0.0,
        1.0
      ],
      "fov_vertical_deg": 105.0,
      "focal_length_px": 392.8714,
      "K": [
        [
          392.871418,
          0.0,
          512.0
        ],
        [
          0.0,
          392.871418,
          512.0
        ],
        [
          0.0,
          0.0,
          1.0
        ]
      ],
      "c2w_opencv": [
        [
          0.651591,
          0.357537,
          -0.669026,
          3107.480078
        ],
        [
          0.75857,
          -0.307115,
          0.574675,
          -2669.240039
        ],
        [
          -0.0,
          -0.881957,
          -0.47133,
          2806.1
        ],
        [
          0.0,
          0.0,
          0.0,
          1.0
        ]
      ],
      "w2c_opencv": [
        [
          0.651591,
          0.75857,
          -0.0,
          -0.0
        ],
        [
          0.357537,
          -0.307115,
          -0.881957,
          544.057122
        ],
        [
          -0.669026,
          0.574675,
          -0.47133,
          4935.531773
        ],
        [
          0.0,
          0.0,
          0.0,
          1.0
        ]
      ]
    },
    {
      "filename": "layout_0d4d89c6-007c-42c6-8b69-23ec5502d56d_LivingDiningRoom-31836_corner_SE.png",
      "camera_position_mm": [
        -3107.48,
        -2669.24,
        2806.1
      ],
      "focal_point_mm": [
        0.0,
        0.0,
        616.875
      ],
      "up_vector": [
        0.0,
        0.0,
        1.0
      ],
      "fov_vertical_deg": 105.0,
      "focal_length_px": 392.8714,
      "K": [
        [
          392.871418,
          0.0,
          512.0
        ],
        [
          0.0,
          392.871418,
          512.0
        ],
        [
          0.0,
          0.0,
          1.0
        ]
      ],
      "c2w_opencv": [
        [
          0.651591,
          -0.357537,
          0.669026,
          -3107.480078
        ],
        [
          -0.75857,
          -0.307115,
          0.574675,
          -2669.240039
        ],
        [
          0.0,
          -0.881957,
          -0.47133,
          2806.1
        ],
        [
          0.0,
          0.0,
          0.0,
          1.0
        ]
      ],
      "w2c_opencv": [
        [
          0.651591,
          -0.75857,
          0.0,
          0.0
        ],
        [
          -0.357537,
          -0.307115,
          -0.881957,
          544.057122
        ],
        [
          0.669026,
          0.574675,
          -0.47133,
          4935.531773
        ],
        [
          0.0,
          0.0,
          0.0,
          1.0
        ]
      ]
    }
  ]
}