{
  "scene": "layout_9761d289-a3fb-4a71-93ea-0a9bd8b728b8_LivingDiningRoom-57244",
  "image_size_wh": [
    1024,
    1024
  ],
  "unit": "mm",
  "convention": "OpenCV",
  "views": [
    {
      "filename": "layout_9761d289-a3fb-4a71-93ea-0a9bd8b728b8_LivingDiningRoom-57244_az000.png",
      "camera_position_mm": [
        -735.263,
        -1268.637,
        1400.0
      ],
      "focal_point_mm": [
        3324.377,
        -1268.637,
        684.176
      ],
      "up_vector": [
        0.0,
        0.0,
        1.0
      ],
      "fov_vertical_deg": 90.0,
      "focal_length_px": 512.0,
      "K": [
        [
          512.0,
          0.0,
          512.0
        ],
        [
          0.0,
          512.0,
          512.0
        ],
        [
          0.0,
          0.0,
          1.0
        ]
      ],
      "c2w_opencv": [
        [
          0.0,
          -0.173648,
          0.984808,
          -735.262512
        ],
        [
          -1.0,
          -0.0,
          0.0,
          -1268.637451
        ],
        [
          0.0,
          -0.984808,
          -0.173648,
          1400.0
        ],
        [
          0.0,
          0.0,
          0.0,
          1.0
        ]
      ],
      "w2c_opencv": [
        [
          0.0,
          -1.0,
          0.0,
          -1268.637451
        ],
        [
          -0.173648,
          -0.0,
          -0.984808,
          1251.053859
        ],
        [
          0.984808,
          0.0,
          -0.173648,
          967.199671
        ],
        [
          0.0,
          0.0,
          0.0,
          1.0
        ]
      ]
    },
    {
      "filename": "layout_9761d289-a3fb-4a71-93ea-0a9bd8b728b8_LivingDiningRoom-57244_az030.png",
      "camera_position_mm": [
        -735.263,
        -1268.637,
        1400.0
      ],
      "focal_point_mm": [
        2780.489,
        761.182,
        684.176
      ],
      "up_vector": [
        0.0,
        0.0,
        1.0
      ],
      "fov_vertical_deg": 90.0,
      "focal_length_px": 512.0,
      "K": [
        [
          512.0,
          0.0,
          512.0
        ],
        [
          0.0,
          512.0,
          512.0
        ],
        [
          0.0,
          0.0,
          1.0
        ]
      ],
      "c2w_opencv": [
        [
          0.5,
          -0.150384,
          0.852869,
          -735.262512
        ],
        [
          -0.866025,
          -0.086824,
          0.492404,
          -1268.637451
        ],
        [
          0.0,
          -0.984808,
          -0.173648,
          1400.0
        ],
        [
          0.0,
          0.0,
          0.0,
          1.0
        ]
      ],
      "w2c_opencv": [
        [
          0.5,
          -0.866025,
          0.0,
          -731.041005
        ],
        [
          -0.150384,
          -0.086824,
          -0.984808,
          1158.011042
        ],
        [
          0.852869,
          0.492404,
          -0.173648,
          1494.871707
        ],
        [
          0.0,
          0.0,
          0.0,
          1.0
        ]
      ]
    },
    {
      "filename": "layout_9761d289-a3fb-4a71-93ea-0a9bd8b728b8_LivingDiningRoom-57244_az060.png",
      "camera_position_mm": [
        -735.263,
        -1268.637,
        1400.0
      ],
      "focal_point_mm": [
        1294.557,
        2247.114,
        684.176
      ],
      "up_vector": [
        0.0,
        0.0,
        1.0
      ],
      "fov_vertical_deg": 90.0,
      "focal_length_px": 512.0,
      "K": [
        [
          512.0,
          0.0,
          512.0
        ],
        [
          0.0,
          512.0,
          512.0
        ],
        [
          0.0,
          0.0,
          1.0
        ]
      ],
      "c2w_opencv": [
        [
          0.866025,
          -0.086824,
          0.492404,
          -735.262512
        ],
        [
          -0.5,
          -0.150384,
          0.852869,
          -1268.637451
        ],
        [
          0.0,
          -0.984808,
          -0.173648,
          1400.0
        ],
        [
          0.0,
          0.0,
          0.0,
          1.0
        ]
      ],
      "w2c_opencv": [
        [
          0.866025,
          -0.5,
          0.0,
          2.437288
        ],
        [
          -0.086824,
          -0.150384,
          -0.984808,
          1124.109921
        ],
        [
          0.492404,
          0.852869,
          -0.173648,
          1687.134521
        ],
        [
          0.0,
          0.0,
          0.0,
          1.0
        ]
      ]
    },
    {
      "filename": "layout_9761d289-a3fb-4a71-93ea-0a9bd8b728b8_LivingDiningRoom-57244_az090.png",
      "camera_position_mm": [
        -735.263,
        -1268.637,
        1400.0
      ],
      "focal_point_mm": [
        -735.263,
        2791.002,
        684.176
      ],
      "up_vector": [
        0.0,
        0.0,
        1.0
      ],
      "fov_vertical_deg": 90.0,
      "focal_length_px": 512.0,
      "K": [
        [
          512.0,
          0.0,
          512.0
        ],
        [
          0.0,
          512.0,
          512.0
        ],
        [
          0.0,
          0.0,
          1.0
        ]
      ],
      "c2w_opencv": [
        [
          1.0,
          -0.0,
          0.0,
          -735.262512
        ],
        [
          -0.0,
          -0.173648,
          0.984808,
          -1268.637451
        ],
        [
          0.0,
          -0.984808,
          -0.173648,
          1400.0
        ],
        [
          0.0,
          0.0,
          0.0,
          1.0
        ]
      ],
      "w2c_opencv": [
        [
          1.0,
          -0.0,
          0.0,
          735.262512
        ],
        [
          -0.0,
          -0.173648,
          -0.984808,
          1158.434273
        ],
        [
          0.0,
          0.984808,
          -0.173648,
          1492.471446
        ],
        [
          0.0,
          0.0,
          0.0,
          1.0
        ]
      ]
    },
    {
      "filename": "layout_9761d289-a3fb-4a71-93ea-0a9bd8b728b8_LivingDiningRoom-57244_az120.png",
      "camera_position_mm": [
        -735.263,
        -1268.637,
        1400.0
      ],
      "focal_point_mm": [
        -2765.082,
        2247.114,
        684.176
      ],
      "up_vector": [
        0.0,
        0.0,
        1.0
      ],
      "fov_vertical_deg": 90.0,
      "focal_length_px": 512.0,
      "K": [
        [
          512.0,
          0.0,
          512.0
        ],
        [
          0.0,
          512.0,
          512.0
        ],
        [
          0.0,
          0.0,
          1.0
        ]
      ],
      "c2w_opencv": [
        [
          0.866025,
          0.086824,
          -0.492404,
          -735.262512
        ],
        [
          0.5,
          -0.150384,
          0.852869,
          -1268.637451
        ],
        [
          -0.0,
          -0.984808,
          -0.173648,
          1400.0
        ],
        [
          0.0,
          0.0,
          0.0,
          1.0
        ]
      ],
      "w2c_opencv": [
        [
          0.866025,
          0.5,
          -0.0,
          1271.07474
        ],
        [
          0.086824,
          -0.150384,
          -0.984808,
          1251.786916
        ],
        [
          -0.492404,
          0.852869,
          -0.173648,
          963.042298
        ],
        [
          0.0,
          0.0,
          0.0,
          1.0
        ]
      ]
    },
    {
      "filename": "layout_9761d289-a3fb-4a71-93ea-0a9bd8b728b8_LivingDiningRoom-57244_az150.png",
      "camera_position_mm": [
        -735.263,
        -1268.637,
        1400.0
      ],
      "focal_point_mm": [
        -4251.014,
        761.182,
        684.176
      ],
      "up_vector": [
        0.0,
        0.0,
        1.0
      ],
      "fov_vertical_deg": 90.0,
      "focal_length_px": 512.0,
      "K": [
        [
          512.0,
          0.0,
          512.0
        ],
        [
          0.0,
          512.0,
          512.0
        ],
        [
          0.0,
          0.0,
          1.0
        ]
      ],
      "c2w_opencv": [
        [
          0.5,
          0.150384,
          -0.852869,
          -735.262512
        ],
        [
          0.866025,
          -0.086824,
          0.492404,
          -1268.637451
        ],
        [
          -0.0,
          -0.984808,
          -0.173648,
          1400.0
        ],
        [
          0.0,
          0.0,
          0.0,
          1.0
        ]
      ],
      "w2c_opencv": [
        [
          0.5,
          0.866025,
          -0.0,
          1466.303517
        ],
        [
          0.150384,
          -0.086824,
          -0.984808,
          1379.154085
        ],
        [
          -0.852869,
          0.492404,
          -0.173648,
          240.707188
        ],
        [
          0.0,
          0.0,
          0.0,
          1.0
        ]
      ]
    },
    {
      "filename": "layout_9761d289-a3fb-4a71-93ea-0a9bd8b728b8_LivingDiningRoom-57244_az180.png",
      "camera_position_mm": [
        -735.263,
        -1268.637,
        1400.0
      ],
      "focal_point_mm": [
        -4794.902,
        -1268.637,
        684.176
      ],
      "up_vector": [
        0.0,
        0.0,
        1.0
      ],
      "fov_vertical_deg": 90.0,
      "focal_length_px": 512.0,
      "K": [
        [
          512.0,
          0.0,
          512.0
        ],
        [
          0.0,
          512.0,
          512.0
        ],
        [
          0.0,
          0.0,
          1.0
        ]
      ],
      "c2w_opencv": [
        [
          0.0,
          0.173648,
          -0.984808,
          -735.262512
        ],
        [
          1.0,
          -0.0,
          0.0,
          -1268.637451
        ],
        [
          -0.0,
          -0.984808,
          -0.173648,
          1400.0
        ],
        [
          0.0,
          0.0,
          0.0,
          1.0
        ]
      ],
      "w2c_opencv": [
        [
          0.0,
          1.0,
          -0.0,
          1268.637451
        ],
        [
          0.173648,
          -0.0,
          -0.984808,
          1506.40785
        ],
        [
          -0.984808,
          0.0,
          -0.173648,
          -480.984774
        ],
        [
          0.0,
          0.0,
          0.0,
          1.0
        ]
      ]
    },
    {
      "filename": "layout_9761d289-a3fb-4a71-93ea-0a9bd8b728b8_LivingDiningRoom-57244_az210.png",
      "camera_position_mm": [
        -735.263,
        -1268.637,
        1400.0
      ],
      "focal_point_mm": [
        -4251.014,
        -3298.457,
        684.176
      ],
      "up_vector": [
        0.0,
        0.0,
        1.0
      ],
      "fov_vertical_deg": 90.0,
      "focal_length_px": 512.0,
      "K": [
        [
          512.0,
          0.0,
          512.0
        ],
        [
          0.0,
          512.0,
          512.0
        ],
        [
          0.0,
          0.0,
          1.0
        ]
      ],
      "c2w_opencv": [
        [
          -0.5,
          0.150384,
          -0.852869,
          -735.262512
        ],
        [
          0.866025,
          0.086824,
          -0.492404,
          -1268.637451
        ],
        [
          0.0,
          -0.984808,
          -0.173648,
          1400.0
        ],
        [
          0.0,
          0.0,
          0.0,
          1.0
        ]
      ],
      "w2c_opencv": [
        [
          -0.5,
          0.866025,
          0.0,
          731.041005
        ],
        [
          0.150384,
          0.086824,
          -0.984808,
          1599.450666
        ],
        [
          -0.852869,
          -0.492404,
          -0.173648,
          -1008.656809
        ],
        [
          0.0,
          0.0,
          0.0,
          1.0
        ]
      ]
    },
    {
      "filename": "layout_9761d289-a3fb-4a71-93ea-0a9bd8b728b8_LivingDiningRoom-57244_az240.png",
      "camera_position_mm": [
        -735.263,
        -1268.637,
        1400.0
      ],
      "focal_point_mm": [
        -2765.082,
        -4784.389,
        684.176
      ],
      "up_vector": [
        0.0,
        0.0,
        1.0
      ],
      "fov_vertical_deg": 90.0,
      "focal_length_px": 512.0,
      "K": [
        [
          512.0,
          0.0,
          512.0
        ],
        [
          0.0,
          512.0,
          512.0
        ],
        [
          0.0,
          0.0,
          1.0
        ]
      ],
      "c2w_opencv": [
        [
          -0.866025,
          0.086824,
          -0.492404,
          -735.262512
        ],
        [
          0.5,
          0.150384,
          -0.852869,
          -1268.637451
        ],
        [
          0.0,
          -0.984808,
          -0.173648,
          1400.0
        ],
        [
          0.0,
          0.0,
          0.0,
          1.0
        ]
      ],
      "w2c_opencv": [
        [
          -0.866025,
          0.5,
          0.0,
          -2.437288
        ],
        [
          0.086824,
          0.150384,
          -0.984808,
          1633.351788
        ],
        [
          -0.492404,
          -0.852869,
          -0.173648,
          -1200.919623
        ],
        [
          0.0,
          0.0,
          0.0,
          1.0
        ]
      ]
    },
    {
      "filename": "layout_9761d289-a3fb-4a71-93ea-0a9bd8b728b8_LivingDiningRoom-57244_az270.png",
      "camera_position_mm": [
        -735.263,
        -1268.637,
        1400.0
      ],
      "focal_point_mm": [
        -735.263,
        -5328.277,
        684.176
      ],
      "up_vector": [
        0.0,
        0.0,
        1.0
      ],
      "fov_vertical_deg": 90.0,
      "focal_length_px": 512.0,
      "K": [
        [
          512.0,
          0.0,
          512.0
        ],
        [
          0.0,
          512.0,
          512.0
        ],
        [
          0.0,
          0.0,
          1.0
        ]
      ],
      "c2w_opencv": [
        [
          -1.0,
          0.0,
          -0.0,
          -735.262512
        ],
        [
          0.0,
          0.173648,
          -0.984808,
          -1268.637451
        ],
        [
          0.0,
          -0.984808,
          -0.173648,
          1400.0
        ],
        [
          0.0,
          0.0,
          0.0,
          1.0
        ]
      ],
      "w2c_opencv": [
        [
          -1.0,
          0.0,
          0.0,
          -735.262512
        ],
        [
          0.0,
          0.173648,
          -0.984808,
          1599.027436
        ],
        [
          -0.0,
          -0.984808,
          -0.173648,
          -1006.256549
        ],
        [
          0.0,
          0.0,
          0.0,
          1.0
        ]
      ]
    },
    {
      "filename": "layout_9761d289-a3fb-4a71-93ea-0a9bd8b728b8_LivingDiningRoom-57244_az300.png",
      "camera_position_mm": [
        -735.263,
        -1268.637,
        1400.0
      ],
      "focal_point_mm": [
        1294.557,
        -4784.389,
        684.176
      ],
      "up_vector": [
        0.0,
        0.0,
        1.0
      ],
      "fov_vertical_deg": 90.0,
      "focal_length_px": 512.0,
      "K": [
        [
          512.0,
          0.0,
          512.0
        ],
        [
          0.0,
          512.0,
          512.0
        ],
        [
          0.0,
          0.0,
          1.0
        ]
      ],
      "c2w_opencv": [
        [
          -0.866025,
          -0.086824,
          0.492404,
          -735.262512
        ],
        [
          -0.5,
          0.150384,
          -0.852869,
          -1268.637451
        ],
        [
          0.0,
          -0.984808,
          -0.173648,
          1400.0
        ],
        [
          0.0,
          0.0,
          0.0,
          1.0
        ]
      ],
      "w2c_opencv": [
        [
          -0.866025,
          -0.5,
          0.0,
          -1271.07474
        ],
        [
          -0.086824,
          0.150384,
          -0.984808,
          1505.674793
        ],
        [
          0.492404,
          -0.852869,
          -0.173648,
          -476.827401
        ],
        [
          0.0,
          0.0,
          0.0,
          1.0
        ]
      ]
    },
    {
      "filename": "layout_9761d289-a3fb-4a71-93ea-0a9bd8b728b8_LivingDiningRoom-57244_az330.png",
      "camera_position_mm": [
        -735.263,
        -1268.637,
        1400.0
      ],
      "focal_point_mm": [
        2780.489,
        -3298.457,
        684.176
      ],
      "up_vector": [
        0.0,
        0.0,
        1.0
      ],
      "fov_vertical_deg": 90.0,
      "focal_length_px": 512.0,
      "K": [
        [
          512.0,
          0.0,
          512.0
        ],
        [
          0.0,
          512.0,
          512.0
        ],
        [
          0.0,
          0.0,
          1.0
        ]
      ],
      "c2w_opencv": [
        [
          -0.5,
          -0.150384,
          0.852869,
          -735.262512
        ],
        [
          -0.866025,
          0.086824,
          -0.492404,
          -1268.637451
        ],
        [
          0.0,
          -0.984808,
          -0.173648,
          1400.0
        ],
        [
          0.0,
          0.0,
          0.0,
          1.0
        ]
      ],
      "w2c_opencv": [
        [
          -0.5,
          -0.866025,
          0.0,
          -1466.303517
        ],
        [
          -0.150384,
          0.086824,
          -0.984808,
          1378.307624
        ],
        [
          0.852869,
          -0.492404,
          -0.173648,
          245.507709
        ],
        [
          0.0,
          0.0,
          0.0,
          1.0
        ]
      ]
    },
    {
      "filename": "layout_9761d289-a3fb-4a71-93ea-0a9bd8b728b8_LivingDiningRoom-57244_corner_NE.png",
      "camera_position_mm": [
        -2352.84,
        4059.64,
        2693.216
      ],
      "focal_point_mm": [
        0.0,
        0.0,
        586.2
      ],
      "up_vector": [
        0.0,
        0.0,
        1.0
      ],
      "fov_vertical_deg": 105.0,
      "focal_length_px": 392.8714,
      "K": [
        [
          392.871418,
          0.0,
          512.0
        ],
        [
          0.0,
          392.871418,
          512.0
        ],
        [
          0.0,
          0.0,
          1.0
        ]
      ],
      "c2w_opencv": [
        [
          -0.865193,
          -0.205411,
          0.457436,
          -2352.840039
        ],
        [
          -0.501439,
          0.35442,
          -0.789269,
          4059.639844
        ],
        [
          0.0,
          -0.912246,
          -0.409643,
          2693.216045
        ],
        [
          0.0,
          0.0,
          0.0,
          1.0
        ]
      ],
      "w2c_opencv": [
        [
          -0.865193,
          -0.501439,
          0.0,
          -0.0
        ],
        [
          -0.205411,
          0.35442,
          -0.912246,
          534.758614
        ],
        [
          0.457436,
          -0.789269,
          -0.409643,
          5383.676978
        ],
        [
          0.0,
          0.0,
          0.0,
          1.0
        ]
      ]
    },
    {
      "filename": "layout_9761d289-a3fb-4a71-93ea-0a9bd8b728b8_LivingDiningRoom-57244_corner_NW.png",
      "camera_position_mm": [
        2352.84,
        4059.64,
        2693.216
      ],
      "focal_point_mm": [
        0.0,
        0.0,
        586.2
      ],
      "up_vector": [
        0.0,
        0.0,
        1.0
      ],
      "fov_vertical_deg": 105.0,
      "focal_length_px": 392.8714,
      "K": [
        [
          392.871418,
          0.0,
          512.0
        ],
        [
          0.0,
          392.871418,
          512.0
        ],
        [
          0.0,
          0.0,
          1.0
        ]
      ],
      "c2w_opencv": [
        [
          -0.865193,
          0.205411,
          -0.457436,
          2352.840039
        ],
        [
          0.501439,
          0.35442,
          -0.789269,
          4059.639844
        ],
        [
          0.0,
          -0.912246,
          -0.409643,
          2693.216045
        ],
        [
          0.0,
          0.0,
          0.0,
          1.0
        ]
      ],
      "w2c_opencv": [
        [
          -0.865193,
          0.501439,
          0.0,
          -0.0
        ],
        [
          0.205411,
          0.35442,
          -0.912246,
          534.758614
        ],
        [
          -0.457436,
          -0.789269,
          -0.409643,
          5383.676978
        ],
        [
          0.0,
          0.0,
          0.0,
          1.0
        ]
      ]
    },
    {
      "filename": "layout_9761d289-a3fb-4a71-93ea-0a9bd8b728b8_LivingDiningRoom-57244_corner_SW.png",
      "camera_position_mm": [
        2352.84,
        -4059.64,
        2693.216
      ],
      "focal_point_mm": [
        0.0,
        0.0,
        586.2
      ],
      "up_vector": [
        0.0,
        0.0,
        1.0
      ],
      "fov_vertical_deg": 105.0,
      "focal_length_px": 392.8714,
      "K": [
        [
          392.871418,
          0.0,
          512.0
        ],
        [
          0.0,
          392.871418,
          512.0
        ],
        [
          0.0,
          0.0,
          1.0
        ]
      ],
      "c2w_opencv": [
        [
          0.865193,
          0.205411,
          -0.457436,
          2352.840039
        ],
        [
          0.501439,
          -0.35442,
          0.789269,
          -4059.639844
        ],
        [
          -0.0,
          -0.912246,
          -0.409643,
          2693.216045
        ],
        [
          0.0,
          0.0,
          0.0,
          1.0
        ]
      ],
      "w2c_opencv": [
        [
          0.865193,
          0.501439,
          -0.0,
          -0.0
        ],
        [
          0.205411,
          -0.35442,
          -0.912246,
          534.758614
        ],
        [
          -0.457436,
          0.789269,
          -0.409643,
          5383.676978
        ],
        [
          0.0,
          0.0,
          0.0,
          1.0
        ]
      ]
    },
    {
      "filename": "layout_9761d289-a3fb-4a71-93ea-0a9bd8b728b8_LivingDiningRoom-57244_corner_SE.png",
      "camera_position_mm": [
        -2352.84,
        -4059.64,
        2693.216
      ],
      "focal_point_mm": [
        0.0,
        0.0,
        586.2
      ],
      "up_vector": [
        0.0,
        0.0,
        1.0
      ],
      "fov_vertical_deg": 105.0,
      "focal_length_px": 392.8714,
      "K": [
        [
          392.871418,
          0.0,
          512.0
        ],
        [
          0.0,
          392.871418,
          512.0
        ],
        [
          0.0,
          0.0,
          1.0
        ]
      ],
      "c2w_opencv": [
        [
          0.865193,
          -0.205411,
          0.457436,
          -2352.840039
        ],
        [
          -0.501439,
          -0.35442,
          0.789269,
          -4059.639844
        ],
        [
          0.0,
          -0.912246,
          -0.409643,
          2693.216045
        ],
        [
          0.0,
          0.0,
          0.0,
          1.0
        ]
      ],
      "w2c_opencv": [
        [
          0.865193,
          -0.501439,
          0.0,
          -0.0
        ],
        [
          -0.205411,
          -0.35442,
          -0.912246,
          534.758614
        ],
        [
          0.457436,
          0.789269,
          -0.409643,
          5383.676978
        ],
        [
          0.0,
          0.0,
          0.0,
          1.0
        ]
      ]
    }
  ]
}