{
  "scene": "layout_0ac97866-dccb-47c3-b220-79712041e187_MasterBedroom-4017",
  "image_size_wh": [
    1024,
    1024
  ],
  "unit": "mm",
  "convention": "OpenCV",
  "views": [
    {
      "filename": "layout_0ac97866-dccb-47c3-b220-79712041e187_MasterBedroom-4017_az000.png",
      "camera_position_mm": [
        -1090.113,
        -897.025,
        1400.0
      ],
      "focal_point_mm": [
        2398.248,
        -897.025,
        784.908
      ],
      "up_vector": [
        0.0,
        0.0,
        1.0
      ],
      "fov_vertical_deg": 90.0,
      "focal_length_px": 512.0,
      "K": [
        [
          512.0,
          0.0,
          512.0
        ],
        [
          0.0,
          512.0,
          512.0
        ],
        [
          0.0,
          0.0,
          1.0
        ]
      ],
      "c2w_opencv": [
        [
          0.0,
          -0.173648,
          0.984808,
          -1090.112549
        ],
        [
          -1.0,
          -0.0,
          0.0,
          -897.025024
        ],
        [
          0.0,
          -0.984808,
          -0.173648,
          1400.0
        ],
        [
          0.0,
          0.0,
          0.0,
          1.0
        ]
      ],
      "w2c_opencv": [
        [
          0.0,
          -1.0,
          0.0,
          -897.025024
        ],
        [
          -0.173648,
          -0.0,
          -0.984808,
          1189.434797
        ],
        [
          0.984808,
          0.0,
          -0.173648,
          1316.658738
        ],
        [
          0.0,
          0.0,
          0.0,
          1.0
        ]
      ]
    },
    {
      "filename": "layout_0ac97866-dccb-47c3-b220-79712041e187_MasterBedroom-4017_az030.png",
      "camera_position_mm": [
        -1090.113,
        -897.025,
        1400.0
      ],
      "focal_point_mm": [
        1930.896,
        847.155,
        784.908
      ],
      "up_vector": [
        0.0,
        0.0,
        1.0
      ],
      "fov_vertical_deg": 90.0,
      "focal_length_px": 512.0,
      "K": [
        [
          512.0,
          0.0,
          512.0
        ],
        [
          0.0,
          512.0,
          512.0
        ],
        [
          0.0,
          0.0,
          1.0
        ]
      ],
      "c2w_opencv": [
        [
          0.5,
          -0.150384,
          0.852869,
          -1090.112549
        ],
        [
          -0.866025,
          -0.086824,
          0.492404,
          -897.025024
        ],
        [
          0.0,
          -0.984808,
          -0.173648,
          1400.0
        ],
        [
          0.0,
          0.0,
          0.0,
          1.0
        ]
      ],
      "w2c_opencv": [
        [
          0.5,
          -0.866025,
          0.0,
          -231.790185
        ],
        [
          -0.150384,
          -0.086824,
          -0.984808,
          1136.912279
        ],
        [
          0.852869,
          0.492404,
          -0.173648,
          1614.528737
        ],
        [
          0.0,
          0.0,
          0.0,
          1.0
        ]
      ]
    },
    {
      "filename": "layout_0ac97866-dccb-47c3-b220-79712041e187_MasterBedroom-4017_az060.png",
      "camera_position_mm": [
        -1090.113,
        -897.025,
        1400.0
      ],
      "focal_point_mm": [
        654.068,
        2123.983,
        784.908
      ],
      "up_vector": [
        0.0,
        0.0,
        1.0
      ],
      "fov_vertical_deg": 90.0,
      "focal_length_px": 512.0,
      "K": [
        [
          512.0,
          0.0,
          512.0
        ],
        [
          0.0,
          512.0,
          512.0
        ],
        [
          0.0,
          0.0,
          1.0
        ]
      ],
      "c2w_opencv": [
        [
          0.866025,
          -0.086824,
          0.492404,
          -1090.112549
        ],
        [
          -0.5,
          -0.150384,
          0.852869,
          -897.025024
        ],
        [
          0.0,
          -0.984808,
          -0.173648,
          1400.0
        ],
        [
          0.0,
          0.0,
          0.0,
          1.0
        ]
      ],
      "w2c_opencv": [
        [
          0.866025,
          -0.5,
          0.0,
          495.552648
        ],
        [
          -0.086824,
          -0.150384,
          -0.984808,
          1149.184854
        ],
        [
          0.492404,
          0.852869,
          -0.173648,
          1544.927509
        ],
        [
          0.0,
          0.0,
          0.0,
          1.0
        ]
      ]
    },
    {
      "filename": "layout_0ac97866-dccb-47c3-b220-79712041e187_MasterBedroom-4017_az090.png",
      "camera_position_mm": [
        -1090.113,
        -897.025,
        1400.0
      ],
      "focal_point_mm": [
        -1090.113,
        2591.335,
        784.908
      ],
      "up_vector": [
        0.0,
        0.0,
        1.0
      ],
      "fov_vertical_deg": 90.0,
      "focal_length_px": 512.0,
      "K": [
        [
          512.0,
          0.0,
          512.0
        ],
        [
          0.0,
          512.0,
          512.0
        ],
        [
          0.0,
          0.0,
          1.0
        ]
      ],
      "c2w_opencv": [
        [
          1.0,
          -0.0,
          0.0,
          -1090.112549
        ],
        [
          -0.0,
          -0.173648,
          0.984808,
          -897.025024
        ],
        [
          0.0,
          -0.984808,
          -0.173648,
          1400.0
        ],
        [
          0.0,
          0.0,
          0.0,
          1.0
        ]
      ],
      "w2c_opencv": [
        [
          1.0,
          -0.0,
          0.0,
          1090.112549
        ],
        [
          -0.0,
          -0.173648,
          -0.984808,
          1222.964093
        ],
        [
          0.0,
          0.984808,
          -0.173648,
          1126.504647
        ],
        [
          0.0,
          0.0,
          0.0,
          1.0
        ]
      ]
    },
    {
      "filename": "layout_0ac97866-dccb-47c3-b220-79712041e187_MasterBedroom-4017_az120.png",
      "camera_position_mm": [
        -1090.113,
        -897.025,
        1400.0
      ],
      "focal_point_mm": [
        -2834.293,
        2123.983,
        784.908
      ],
      "up_vector": [
        0.0,
        0.0,
        1.0
      ],
      "fov_vertical_deg": 90.0,
      "focal_length_px": 512.0,
      "K": [
        [
          512.0,
          0.0,
          512.0
        ],
        [
          0.0,
          512.0,
          512.0
        ],
        [
          0.0,
          0.0,
          1.0
        ]
      ],
      "c2w_opencv": [
        [
          0.866025,
          0.086824,
          -0.492404,
          -1090.112549
        ],
        [
          0.5,
          -0.150384,
          0.852869,
          -897.025024
        ],
        [
          -0.0,
          -0.984808,
          -0.173648,
          1400.0
        ],
        [
          0.0,
          0.0,
          0.0,
          1.0
        ]
      ],
      "w2c_opencv": [
        [
          0.866025,
          0.5,
          -0.0,
          1392.577672
        ],
        [
          0.086824,
          -0.150384,
          -0.984808,
          1338.480911
        ],
        [
          -0.492404,
          0.852869,
          -0.173648,
          471.37622
        ],
        [
          0.0,
          0.0,
          0.0,
          1.0
        ]
      ]
    },
    {
      "filename": "layout_0ac97866-dccb-47c3-b220-79712041e187_MasterBedroom-4017_az150.png",
      "camera_position_mm": [
        -1090.113,
        -897.025,
        1400.0
      ],
      "focal_point_mm": [
        -4111.121,
        847.155,
        784.908
      ],
      "up_vector": [
        0.0,
        0.0,
        1.0
      ],
      "fov_vertical_deg": 90.0,
      "focal_length_px": 512.0,
      "K": [
        [
          512.0,
          0.0,
          512.0
        ],
        [
          0.0,
          512.0,
          512.0
        ],
        [
          0.0,
          0.0,
          1.0
        ]
      ],
      "c2w_opencv": [
        [
          0.5,
          0.150384,
          -0.852869,
          -1090.112549
        ],
        [
          0.866025,
          -0.086824,
          0.492404,
          -897.025024
        ],
        [
          -0.0,
          -0.984808,
          -0.173648,
          1400.0
        ],
        [
          0.0,
          0.0,
          0.0,
          1.0
        ]
      ],
      "w2c_opencv": [
        [
          0.5,
          0.866025,
          -0.0,
          1321.902733
        ],
        [
          0.150384,
          -0.086824,
          -0.984808,
          1464.782668
        ],
        [
          -0.852869,
          0.492404,
          -0.173648,
          -244.916641
        ],
        [
          0.0,
          0.0,
          0.0,
          1.0
        ]
      ]
    },
    {
      "filename": "layout_0ac97866-dccb-47c3-b220-79712041e187_MasterBedroom-4017_az180.png",
      "camera_position_mm": [
        -1090.113,
        -897.025,
        1400.0
      ],
      "focal_point_mm": [
        -4578.473,
        -897.025,
        784.908
      ],
      "up_vector": [
        0.0,
        0.0,
        1.0
      ],
      "fov_vertical_deg": 90.0,
      "focal_length_px": 512.0,
      "K": [
        [
          512.0,
          0.0,
          512.0
        ],
        [
          0.0,
          512.0,
          512.0
        ],
        [
          0.0,
          0.0,
          1.0
        ]
      ],
      "c2w_opencv": [
        [
          0.0,
          0.173648,
          -0.984808,
          -1090.112549
        ],
        [
          1.0,
          -0.0,
          0.0,
          -897.025024
        ],
        [
          -0.0,
          -0.984808,
          -0.173648,
          1400.0
        ],
        [
          0.0,
          0.0,
          0.0,
          1.0
        ]
      ],
      "w2c_opencv": [
        [
          0.0,
          1.0,
          -0.0,
          897.025024
        ],
        [
          0.173648,
          -0.0,
          -0.984808,
          1568.026912
        ],
        [
          -0.984808,
          0.0,
          -0.173648,
          -830.443841
        ],
        [
          0.0,
          0.0,
          0.0,
          1.0
        ]
      ]
    },
    {
      "filename": "layout_0ac97866-dccb-47c3-b220-79712041e187_MasterBedroom-4017_az210.png",
      "camera_position_mm": [
        -1090.113,
        -897.025,
        1400.0
      ],
      "focal_point_mm": [
        -4111.121,
        -2641.205,
        784.908
      ],
      "up_vector": [
        0.0,
        0.0,
        1.0
      ],
      "fov_vertical_deg": 90.0,
      "focal_length_px": 512.0,
      "K": [
        [
          512.0,
          0.0,
          512.0
        ],
        [
          0.0,
          512.0,
          512.0
        ],
        [
          0.0,
          0.0,
          1.0
        ]
      ],
      "c2w_opencv": [
        [
          -0.5,
          0.150384,
          -0.852869,
          -1090.112549
        ],
        [
          0.866025,
          0.086824,
          -0.492404,
          -897.025024
        ],
        [
          0.0,
          -0.984808,
          -0.173648,
          1400.0
        ],
        [
          0.0,
          0.0,
          0.0,
          1.0
        ]
      ],
      "w2c_opencv": [
        [
          -0.5,
          0.866025,
          0.0,
          231.790185
        ],
        [
          0.150384,
          0.086824,
          -0.984808,
          1620.549429
        ],
        [
          -0.852869,
          -0.492404,
          -0.173648,
          -1128.31384
        ],
        [
          0.0,
          0.0,
          0.0,
          1.0
        ]
      ]
    },
    {
      "filename": "layout_0ac97866-dccb-47c3-b220-79712041e187_MasterBedroom-4017_az240.png",
      "camera_position_mm": [
        -1090.113,
        -897.025,
        1400.0
      ],
      "focal_point_mm": [
        -2834.293,
        -3918.034,
        784.908
      ],
      "up_vector": [
        0.0,
        0.0,
        1.0
      ],
      "fov_vertical_deg": 90.0,
      "focal_length_px": 512.0,
      "K": [
        [
          512.0,
          0.0,
          512.0
        ],
        [
          0.0,
          512.0,
          512.0
        ],
        [
          0.0,
          0.0,
          1.0
        ]
      ],
      "c2w_opencv": [
        [
          -0.866025,
          0.086824,
          -0.492404,
          -1090.112549
        ],
        [
          0.5,
          0.150384,
          -0.852869,
          -897.025024
        ],
        [
          0.0,
          -0.984808,
          -0.173648,
          1400.0
        ],
        [
          0.0,
          0.0,
          0.0,
          1.0
        ]
      ],
      "w2c_opencv": [
        [
          -0.866025,
          0.5,
          0.0,
          -495.552648
        ],
        [
          0.086824,
          0.150384,
          -0.984808,
          1608.276855
        ],
        [
          -0.492404,
          -0.852869,
          -0.173648,
          -1058.712612
        ],
        [
          0.0,
          0.0,
          0.0,
          1.0
        ]
      ]
    },
    {
      "filename": "layout_0ac97866-dccb-47c3-b220-79712041e187_MasterBedroom-4017_az270.png",
      "camera_position_mm": [
        -1090.113,
        -897.025,
        1400.0
      ],
      "focal_point_mm": [
        -1090.113,
        -4385.385,
        784.908
      ],
      "up_vector": [
        0.0,
        0.0,
        1.0
      ],
      "fov_vertical_deg": 90.0,
      "focal_length_px": 512.0,
      "K": [
        [
          512.0,
          0.0,
          512.0
        ],
        [
          0.0,
          512.0,
          512.0
        ],
        [
          0.0,
          0.0,
          1.0
        ]
      ],
      "c2w_opencv": [
        [
          -1.0,
          0.0,
          -0.0,
          -1090.112549
        ],
        [
          0.0,
          0.173648,
          -0.984808,
          -897.025024
        ],
        [
          0.0,
          -0.984808,
          -0.173648,
          1400.0
        ],
        [
          0.0,
          0.0,
          0.0,
          1.0
        ]
      ],
      "w2c_opencv": [
        [
          -1.0,
          0.0,
          0.0,
          -1090.112549
        ],
        [
          0.0,
          0.173648,
          -0.984808,
          1534.497615
        ],
        [
          -0.0,
          -0.984808,
          -0.173648,
          -640.28975
        ],
        [
          0.0,
          0.0,
          0.0,
          1.0
        ]
      ]
    },
    {
      "filename": "layout_0ac97866-dccb-47c3-b220-79712041e187_MasterBedroom-4017_az300.png",
      "camera_position_mm": [
        -1090.113,
        -897.025,
        1400.0
      ],
      "focal_point_mm": [
        654.068,
        -3918.034,
        784.908
      ],
      "up_vector": [
        0.0,
        0.0,
        1.0
      ],
      "fov_vertical_deg": 90.0,
      "focal_length_px": 512.0,
      "K": [
        [
          512.0,
          0.0,
          512.0
        ],
        [
          0.0,
          512.0,
          512.0
        ],
        [
          0.0,
          0.0,
          1.0
        ]
      ],
      "c2w_opencv": [
        [
          -0.866025,
          -0.086824,
          0.492404,
          -1090.112549
        ],
        [
          -0.5,
          0.150384,
          -0.852869,
          -897.025024
        ],
        [
          0.0,
          -0.984808,
          -0.173648,
          1400.0
        ],
        [
          0.0,
          0.0,
          0.0,
          1.0
        ]
      ],
      "w2c_opencv": [
        [
          -0.866025,
          -0.5,
          0.0,
          -1392.577672
        ],
        [
          -0.086824,
          0.150384,
          -0.984808,
          1418.980797
        ],
        [
          0.492404,
          -0.852869,
          -0.173648,
          14.838678
        ],
        [
          0.0,
          0.0,
          0.0,
          1.0
        ]
      ]
    },
    {
      "filename": "layout_0ac97866-dccb-47c3-b220-79712041e187_MasterBedroom-4017_az330.png",
      "camera_position_mm": [
        -1090.113,
        -897.025,
        1400.0
      ],
      "focal_point_mm": [
        1930.896,
        -2641.205,
        784.908
      ],
      "up_vector": [
        0.0,
        0.0,
        1.0
      ],
      "fov_vertical_deg": 90.0,
      "focal_length_px": 512.0,
      "K": [
        [
          512.0,
          0.0,
          512.0
        ],
        [
          0.0,
          512.0,
          512.0
        ],
        [
          0.0,
          0.0,
          1.0
        ]
      ],
      "c2w_opencv": [
        [
          -0.5,
          -0.150384,
          0.852869,
          -1090.112549
        ],
        [
          -0.866025,
          0.086824,
          -0.492404,
          -897.025024
        ],
        [
          0.0,
          -0.984808,
          -0.173648,
          1400.0
        ],
        [
          0.0,
          0.0,
          0.0,
          1.0
        ]
      ],
      "w2c_opencv": [
        [
          -0.5,
          -0.866025,
          0.0,
          -1321.902733
        ],
        [
          -0.150384,
          0.086824,
          -0.984808,
          1292.67904
        ],
        [
          0.852869,
          -0.492404,
          -0.173648,
          731.131539
        ],
        [
          0.0,
          0.0,
          0.0,
          1.0
        ]
      ]
    },
    {
      "filename": "layout_0ac97866-dccb-47c3-b220-79712041e187_MasterBedroom-4017_corner_NE.png",
      "camera_position_mm": [
        -3488.36,
        2870.48,
        2560.0
      ],
      "focal_point_mm": [
        0.0,
        0.0,
        550.0
      ],
      "up_vector": [
        0.0,
        0.0,
        1.0
      ],
      "fov_vertical_deg": 105.0,
      "focal_length_px": 392.8714,
      "K": [
        [
          392.871418,
          0.0,
          512.0
        ],
        [
          0.0,
          392.871418,
          512.0
        ],
        [
          0.0,
          0.0,
          1.0
        ]
      ],
      "c2w_opencv": [
        [
          -0.635406,
          -0.313898,
          0.705498,
          -3488.360156
        ],
        [
          -0.772179,
          0.258298,
          -0.580536,
          2870.480078
        ],
        [
          0.0,
          -0.913647,
          -0.40651,
          2560.0
        ],
        [
          0.0,
          0.0,
          0.0,
          1.0
        ]
      ],
      "w2c_opencv": [
        [
          -0.635406,
          -0.772179,
          0.0,
          -0.0
        ],
        [
          -0.313898,
          0.258298,
          -0.913647,
          502.505599
        ],
        [
          0.705498,
          -0.580536,
          -0.40651,
          5168.113832
        ],
        [
          0.0,
          0.0,
          0.0,
          1.0
        ]
      ]
    },
    {
      "filename": "layout_0ac97866-dccb-47c3-b220-79712041e187_MasterBedroom-4017_corner_NW.png",
      "camera_position_mm": [
        3488.36,
        2870.48,
        2560.0
      ],
      "focal_point_mm": [
        0.0,
        0.0,
        550.0
      ],
      "up_vector": [
        0.0,
        0.0,
        1.0
      ],
      "fov_vertical_deg": 105.0,
      "focal_length_px": 392.8714,
      "K": [
        [
          392.871418,
          0.0,
          512.0
        ],
        [
          0.0,
          392.871418,
          512.0
        ],
        [
          0.0,
          0.0,
          1.0
        ]
      ],
      "c2w_opencv": [
        [
          -0.635406,
          0.313898,
          -0.705498,
          3488.360156
        ],
        [
          0.772179,
          0.258298,
          -0.580536,
          2870.480078
        ],
        [
          0.0,
          -0.913647,
          -0.40651,
          2560.0
        ],
        [
          0.0,
          0.0,
          0.0,
          1.0
        ]
      ],
      "w2c_opencv": [
        [
          -0.635406,
          0.772179,
          0.0,
          -0.0
        ],
        [
          0.313898,
          0.258298,
          -0.913647,
          502.505599
        ],
        [
          -0.705498,
          -0.580536,
          -0.40651,
          5168.113832
        ],
        [
          0.0,
          0.0,
          0.0,
          1.0
        ]
      ]
    },
    {
      "filename": "layout_0ac97866-dccb-47c3-b220-79712041e187_MasterBedroom-4017_corner_SW.png",
      "camera_position_mm": [
        3488.36,
        -2870.48,
        2560.0
      ],
      "focal_point_mm": [
        0.0,
        0.0,
        550.0
      ],
      "up_vector": [
        0.0,
        0.0,
        1.0
      ],
      "fov_vertical_deg": 105.0,
      "focal_length_px": 392.8714,
      "K": [
        [
          392.871418,
          0.0,
          512.0
        ],
        [
          0.0,
          392.871418,
          512.0
        ],
        [
          0.0,
          0.0,
          1.0
        ]
      ],
      "c2w_opencv": [
        [
          0.635406,
          0.313898,
          -0.705498,
          3488.360156
        ],
        [
          0.772179,
          -0.258298,
          0.580536,
          -2870.480078
        ],
        [
          -0.0,
          -0.913647,
          -0.40651,
          2560.0
        ],
        [
          0.0,
          0.0,
          0.0,
          1.0
        ]
      ],
      "w2c_opencv": [
        [
          0.635406,
          0.772179,
          -0.0,
          -0.0
        ],
        [
          0.313898,
          -0.258298,
          -0.913647,
          502.505599
        ],
        [
          -0.705498,
          0.580536,
          -0.40651,
          5168.113832
        ],
        [
          0.0,
          0.0,
          0.0,
          1.0
        ]
      ]
    },
    {
      "filename": "layout_0ac97866-dccb-47c3-b220-79712041e187_MasterBedroom-4017_corner_SE.png",
      "camera_position_mm": [
        -3488.36,
        -2870.48,
        2560.0
      ],
      "focal_point_mm": [
        0.0,
        0.0,
        550.0
      ],
      "up_vector": [
        0.0,
        0.0,
        1.0
      ],
      "fov_vertical_deg": 105.0,
      "focal_length_px": 392.8714,
      "K": [
        [
          392.871418,
          0.0,
          512.0
        ],
        [
          0.0,
          392.871418,
          512.0
        ],
        [
          0.0,
          0.0,
          1.0
        ]
      ],
      "c2w_opencv": [
        [
          0.635406,
          -0.313898,
          0.705498,
          -3488.360156
        ],
        [
          -0.772179,
          -0.258298,
          0.580536,
          -2870.480078
        ],
        [
          0.0,
          -0.913647,
          -0.40651,
          2560.0
        ],
        [
          0.0,
          0.0,
          0.0,
          1.0
        ]
      ],
      "w2c_opencv": [
        [
          0.635406,
          -0.772179,
          0.0,
          0.0
        ],
        [
          -0.313898,
          -0.258298,
          -0.913647,
          502.505599
        ],
        [
          0.705498,
          0.580536,
          -0.40651,
          5168.113832
        ],
        [
          0.0,
          0.0,
          0.0,
          1.0
        ]
      ]
    }
  ]
}