{
  "scene": "variant_099_Bedroom_v0",
  "image_size_wh": [
    1024,
    1024
  ],
  "unit": "mm",
  "convention": "OpenCV",
  "views": [
    {
      "filename": "variant_099_Bedroom_v0_az000.png",
      "camera_position_mm": [
        -706.525,
        -760.275,
        1400.0
      ],
      "focal_point_mm": [
        1726.355,
        -760.275,
        971.018
      ],
      "up_vector": [
        0.0,
        0.0,
        1.0
      ],
      "fov_vertical_deg": 90.0,
      "focal_length_px": 512.0,
      "K": [
        [
          512.0,
          0.0,
          512.0
        ],
        [
          0.0,
          512.0,
          512.0
        ],
        [
          0.0,
          0.0,
          1.0
        ]
      ],
      "c2w_opencv": [
        [
          0.0,
          -0.173648,
          0.984808,
          -706.525024
        ],
        [
          -1.0,
          -0.0,
          0.0,
          -760.275024
        ],
        [
          0.0,
          -0.984808,
          -0.173648,
          1400.0
        ],
        [
          0.0,
          0.0,
          0.0,
          1.0
        ]
      ],
      "w2c_opencv": [
        [
          0.0,
          -1.0,
          0.0,
          -760.275024
        ],
        [
          -0.173648,
          -0.0,
          -0.984808,
          1256.044071
        ],
        [
          0.984808,
          0.0,
          -0.173648,
          938.89877
        ],
        [
          0.0,
          0.0,
          0.0,
          1.0
        ]
      ]
    },
    {
      "filename": "variant_099_Bedroom_v0_az030.png",
      "camera_position_mm": [
        -706.525,
        -760.275,
        1400.0
      ],
      "focal_point_mm": [
        1400.411,
        456.165,
        971.018
      ],
      "up_vector": [
        0.0,
        0.0,
        1.0
      ],
      "fov_vertical_deg": 90.0,
      "focal_length_px": 512.0,
      "K": [
        [
          512.0,
          0.0,
          512.0
        ],
        [
          0.0,
          512.0,
          512.0
        ],
        [
          0.0,
          0.0,
          1.0
        ]
      ],
      "c2w_opencv": [
        [
          0.5,
          -0.150384,
          0.852869,
          -706.525024
        ],
        [
          -0.866025,
          -0.086824,
          0.492404,
          -760.275024
        ],
        [
          0.0,
          -0.984808,
          -0.173648,
          1400.0
        ],
        [
          0.0,
          0.0,
          0.0,
          1.0
        ]
      ],
      "w2c_opencv": [
        [
          0.5,
          -0.866025,
          0.0,
          -305.154973
        ],
        [
          -0.150384,
          -0.086824,
          -0.984808,
          1206.470797
        ],
        [
          0.852869,
          0.492404,
          -0.173648,
          1220.042778
        ],
        [
          0.0,
          0.0,
          0.0,
          1.0
        ]
      ]
    },
    {
      "filename": "variant_099_Bedroom_v0_az060.png",
      "camera_position_mm": [
        -706.525,
        -760.275,
        1400.0
      ],
      "focal_point_mm": [
        509.915,
        1346.661,
        971.018
      ],
      "up_vector": [
        0.0,
        0.0,
        1.0
      ],
      "fov_vertical_deg": 90.0,
      "focal_length_px": 512.0,
      "K": [
        [
          512.0,
          0.0,
          512.0
        ],
        [
          0.0,
          512.0,
          512.0
        ],
        [
          0.0,
          0.0,
          1.0
        ]
      ],
      "c2w_opencv": [
        [
          0.866025,
          -0.086824,
          0.492404,
          -706.525024
        ],
        [
          -0.5,
          -0.150384,
          0.852869,
          -760.275024
        ],
        [
          0.0,
          -0.984808,
          -0.173648,
          1400.0
        ],
        [
          0.0,
          0.0,
          0.0,
          1.0
        ]
      ],
      "w2c_opencv": [
        [
          0.866025,
          -0.5,
          0.0,
          231.731107
        ],
        [
          -0.086824,
          -0.150384,
          -0.984808,
          1203.054466
        ],
        [
          0.492404,
          0.852869,
          -0.173648,
          1239.417754
        ],
        [
          0.0,
          0.0,
          0.0,
          1.0
        ]
      ]
    },
    {
      "filename": "variant_099_Bedroom_v0_az090.png",
      "camera_position_mm": [
        -706.525,
        -760.275,
        1400.0
      ],
      "focal_point_mm": [
        -706.525,
        1672.605,
        971.018
      ],
      "up_vector": [
        0.0,
        0.0,
        1.0
      ],
      "fov_vertical_deg": 90.0,
      "focal_length_px": 512.0,
      "K": [
        [
          512.0,
          0.0,
          512.0
        ],
        [
          0.0,
          512.0,
          512.0
        ],
        [
          0.0,
          0.0,
          1.0
        ]
      ],
      "c2w_opencv": [
        [
          1.0,
          -0.0,
          0.0,
          -706.525024
        ],
        [
          -0.0,
          -0.173648,
          0.984808,
          -760.275024
        ],
        [
          0.0,
          -0.984808,
          -0.173648,
          1400.0
        ],
        [
          0.0,
          0.0,
          0.0,
          1.0
        ]
      ],
      "w2c_opencv": [
        [
          1.0,
          -0.0,
          0.0,
          706.525024
        ],
        [
          -0.0,
          -0.173648,
          -0.984808,
          1246.710482
        ],
        [
          0.0,
          0.984808,
          -0.173648,
          991.832187
        ],
        [
          0.0,
          0.0,
          0.0,
          1.0
        ]
      ]
    },
    {
      "filename": "variant_099_Bedroom_v0_az120.png",
      "camera_position_mm": [
        -706.525,
        -760.275,
        1400.0
      ],
      "focal_point_mm": [
        -1922.965,
        1346.661,
        971.018
      ],
      "up_vector": [
        0.0,
        0.0,
        1.0
      ],
      "fov_vertical_deg": 90.0,
      "focal_length_px": 512.0,
      "K": [
        [
          512.0,
          0.0,
          512.0
        ],
        [
          0.0,
          512.0,
          512.0
        ],
        [
          0.0,
          0.0,
          1.0
        ]
      ],
      "c2w_opencv": [
        [
          0.866025,
          0.086824,
          -0.492404,
          -706.525024
        ],
        [
          0.5,
          -0.150384,
          0.852869,
          -760.275024
        ],
        [
          -0.0,
          -0.984808,
          -0.173648,
          1400.0
        ],
        [
          0.0,
          0.0,
          0.0,
          1.0
        ]
      ],
      "w2c_opencv": [
        [
          0.866025,
          0.5,
          -0.0,
          992.006132
        ],
        [
          0.086824,
          -0.150384,
          -0.984808,
          1325.741249
        ],
        [
          -0.492404,
          0.852869,
          -0.173648,
          543.626432
        ],
        [
          0.0,
          0.0,
          0.0,
          1.0
        ]
      ]
    },
    {
      "filename": "variant_099_Bedroom_v0_az150.png",
      "camera_position_mm": [
        -706.525,
        -760.275,
        1400.0
      ],
      "focal_point_mm": [
        -2813.461,
        456.165,
        971.018
      ],
      "up_vector": [
        0.0,
        0.0,
        1.0
      ],
      "fov_vertical_deg": 90.0,
      "focal_length_px": 512.0,
      "K": [
        [
          512.0,
          0.0,
          512.0
        ],
        [
          0.0,
          512.0,
          512.0
        ],
        [
          0.0,
          0.0,
          1.0
        ]
      ],
      "c2w_opencv": [
        [
          0.5,
          0.150384,
          -0.852869,
          -706.525024
        ],
        [
          0.866025,
          -0.086824,
          0.492404,
          -760.275024
        ],
        [
          -0.0,
          -0.984808,
          -0.173648,
          1400.0
        ],
        [
          0.0,
          0.0,
          0.0,
          1.0
        ]
      ],
      "w2c_opencv": [
        [
          0.5,
          0.866025,
          -0.0,
          1011.679997
        ],
        [
          0.150384,
          -0.086824,
          -0.984808,
          1418.970539
        ],
        [
          -0.852869,
          0.492404,
          -0.173648,
          14.896858
        ],
        [
          0.0,
          0.0,
          0.0,
          1.0
        ]
      ]
    },
    {
      "filename": "variant_099_Bedroom_v0_az180.png",
      "camera_position_mm": [
        -706.525,
        -760.275,
        1400.0
      ],
      "focal_point_mm": [
        -3139.405,
        -760.275,
        971.018
      ],
      "up_vector": [
        0.0,
        0.0,
        1.0
      ],
      "fov_vertical_deg": 90.0,
      "focal_length_px": 512.0,
      "K": [
        [
          512.0,
          0.0,
          512.0
        ],
        [
          0.0,
          512.0,
          512.0
        ],
        [
          0.0,
          0.0,
          1.0
        ]
      ],
      "c2w_opencv": [
        [
          0.0,
          0.173648,
          -0.984808,
          -706.525024
        ],
        [
          1.0,
          -0.0,
          0.0,
          -760.275024
        ],
        [
          -0.0,
          -0.984808,
          -0.173648,
          1400.0
        ],
        [
          0.0,
          0.0,
          0.0,
          1.0
        ]
      ],
      "w2c_opencv": [
        [
          0.0,
          1.0,
          -0.0,
          760.275024
        ],
        [
          0.173648,
          -0.0,
          -0.984808,
          1501.417637
        ],
        [
          -0.984808,
          0.0,
          -0.173648,
          -452.683873
        ],
        [
          0.0,
          0.0,
          0.0,
          1.0
        ]
      ]
    },
    {
      "filename": "variant_099_Bedroom_v0_az210.png",
      "camera_position_mm": [
        -706.525,
        -760.275,
        1400.0
      ],
      "focal_point_mm": [
        -2813.461,
        -1976.715,
        971.018
      ],
      "up_vector": [
        0.0,
        0.0,
        1.0
      ],
      "fov_vertical_deg": 90.0,
      "focal_length_px": 512.0,
      "K": [
        [
          512.0,
          0.0,
          512.0
        ],
        [
          0.0,
          512.0,
          512.0
        ],
        [
          0.0,
          0.0,
          1.0
        ]
      ],
      "c2w_opencv": [
        [
          -0.5,
          0.150384,
          -0.852869,
          -706.525024
        ],
        [
          0.866025,
          0.086824,
          -0.492404,
          -760.275024
        ],
        [
          0.0,
          -0.984808,
          -0.173648,
          1400.0
        ],
        [
          0.0,
          0.0,
          0.0,
          1.0
        ]
      ],
      "w2c_opencv": [
        [
          -0.5,
          0.866025,
          0.0,
          305.154973
        ],
        [
          0.150384,
          0.086824,
          -0.984808,
          1550.990911
        ],
        [
          -0.852869,
          -0.492404,
          -0.173648,
          -733.827881
        ],
        [
          0.0,
          0.0,
          0.0,
          1.0
        ]
      ]
    },
    {
      "filename": "variant_099_Bedroom_v0_az240.png",
      "camera_position_mm": [
        -706.525,
        -760.275,
        1400.0
      ],
      "focal_point_mm": [
        -1922.965,
        -2867.211,
        971.018
      ],
      "up_vector": [
        0.0,
        0.0,
        1.0
      ],
      "fov_vertical_deg": 90.0,
      "focal_length_px": 512.0,
      "K": [
        [
          512.0,
          0.0,
          512.0
        ],
        [
          0.0,
          512.0,
          512.0
        ],
        [
          0.0,
          0.0,
          1.0
        ]
      ],
      "c2w_opencv": [
        [
          -0.866025,
          0.086824,
          -0.492404,
          -706.525024
        ],
        [
          0.5,
          0.150384,
          -0.852869,
          -760.275024
        ],
        [
          0.0,
          -0.984808,
          -0.173648,
          1400.0
        ],
        [
          0.0,
          0.0,
          0.0,
          1.0
        ]
      ],
      "w2c_opencv": [
        [
          -0.866025,
          0.5,
          0.0,
          -231.731107
        ],
        [
          0.086824,
          0.150384,
          -0.984808,
          1554.407242
        ],
        [
          -0.492404,
          -0.852869,
          -0.173648,
          -753.202856
        ],
        [
          0.0,
          0.0,
          0.0,
          1.0
        ]
      ]
    },
    {
      "filename": "variant_099_Bedroom_v0_az270.png",
      "camera_position_mm": [
        -706.525,
        -760.275,
        1400.0
      ],
      "focal_point_mm": [
        -706.525,
        -3193.155,
        971.018
      ],
      "up_vector": [
        0.0,
        0.0,
        1.0
      ],
      "fov_vertical_deg": 90.0,
      "focal_length_px": 512.0,
      "K": [
        [
          512.0,
          0.0,
          512.0
        ],
        [
          0.0,
          512.0,
          512.0
        ],
        [
          0.0,
          0.0,
          1.0
        ]
      ],
      "c2w_opencv": [
        [
          -1.0,
          0.0,
          -0.0,
          -706.525024
        ],
        [
          0.0,
          0.173648,
          -0.984808,
          -760.275024
        ],
        [
          0.0,
          -0.984808,
          -0.173648,
          1400.0
        ],
        [
          0.0,
          0.0,
          0.0,
          1.0
        ]
      ],
      "w2c_opencv": [
        [
          -1.0,
          0.0,
          0.0,
          -706.525024
        ],
        [
          0.0,
          0.173648,
          -0.984808,
          1510.751227
        ],
        [
          -0.0,
          -0.984808,
          -0.173648,
          -505.61729
        ],
        [
          0.0,
          0.0,
          0.0,
          1.0
        ]
      ]
    },
    {
      "filename": "variant_099_Bedroom_v0_az300.png",
      "camera_position_mm": [
        -706.525,
        -760.275,
        1400.0
      ],
      "focal_point_mm": [
        509.915,
        -2867.211,
        971.018
      ],
      "up_vector": [
        0.0,
        0.0,
        1.0
      ],
      "fov_vertical_deg": 90.0,
      "focal_length_px": 512.0,
      "K": [
        [
          512.0,
          0.0,
          512.0
        ],
        [
          0.0,
          512.0,
          512.0
        ],
        [
          0.0,
          0.0,
          1.0
        ]
      ],
      "c2w_opencv": [
        [
          -0.866025,
          -0.086824,
          0.492404,
          -706.525024
        ],
        [
          -0.5,
          0.150384,
          -0.852869,
          -760.275024
        ],
        [
          0.0,
          -0.984808,
          -0.173648,
          1400.0
        ],
        [
          0.0,
          0.0,
          0.0,
          1.0
        ]
      ],
      "w2c_opencv": [
        [
          -0.866025,
          -0.5,
          0.0,
          -992.006132
        ],
        [
          -0.086824,
          0.150384,
          -0.984808,
          1431.720459
        ],
        [
          0.492404,
          -0.852869,
          -0.173648,
          -57.411534
        ],
        [
          0.0,
          0.0,
          0.0,
          1.0
        ]
      ]
    },
    {
      "filename": "variant_099_Bedroom_v0_az330.png",
      "camera_position_mm": [
        -706.525,
        -760.275,
        1400.0
      ],
      "focal_point_mm": [
        1400.411,
        -1976.715,
        971.018
      ],
      "up_vector": [
        0.0,
        0.0,
        1.0
      ],
      "fov_vertical_deg": 90.0,
      "focal_length_px": 512.0,
      "K": [
        [
          512.0,
          0.0,
          512.0
        ],
        [
          0.0,
          512.0,
          512.0
        ],
        [
          0.0,
          0.0,
          1.0
        ]
      ],
      "c2w_opencv": [
        [
          -0.5,
          -0.150384,
          0.852869,
          -706.525024
        ],
        [
          -0.866025,
          0.086824,
          -0.492404,
          -760.275024
        ],
        [
          0.0,
          -0.984808,
          -0.173648,
          1400.0
        ],
        [
          0.0,
          0.0,
          0.0,
          1.0
        ]
      ],
      "w2c_opencv": [
        [
          -0.5,
          -0.866025,
          0.0,
          -1011.679997
        ],
        [
          -0.150384,
          0.086824,
          -0.984808,
          1338.49117
        ],
        [
          0.852869,
          -0.492404,
          -0.173648,
          471.31804
        ],
        [
          0.0,
          0.0,
          0.0,
          1.0
        ]
      ]
    },
    {
      "filename": "variant_099_Bedroom_v0_corner_NE.png",
      "camera_position_mm": [
        -2260.88,
        2432.88,
        2560.0
      ],
      "focal_point_mm": [
        0.0,
        0.0,
        550.0
      ],
      "up_vector": [
        0.0,
        0.0,
        1.0
      ],
      "fov_vertical_deg": 105.0,
      "focal_length_px": 392.8714,
      "K": [
        [
          392.871418,
          0.0,
          512.0
        ],
        [
          0.0,
          392.871418,
          512.0
        ],
        [
          0.0,
          0.0,
          1.0
        ]
      ],
      "c2w_opencv": [
        [
          -0.732527,
          -0.352461,
          0.582388,
          -2260.880078
        ],
        [
          -0.680738,
          0.379275,
          -0.626694,
          2432.880078
        ],
        [
          0.0,
          -0.855524,
          -0.517763,
          2560.0
        ],
        [
          0.0,
          0.0,
          0.0,
          1.0
        ]
      ],
      "w2c_opencv": [
        [
          -0.732527,
          -0.680738,
          0.0,
          0.0
        ],
        [
          -0.352461,
          0.379275,
          -0.855524,
          470.538251
        ],
        [
          0.582388,
          -0.626694,
          -0.517763,
          4166.854684
        ],
        [
          0.0,
          0.0,
          0.0,
          1.0
        ]
      ]
    },
    {
      "filename": "variant_099_Bedroom_v0_corner_NW.png",
      "camera_position_mm": [
        2260.88,
        2432.88,
        2560.0
      ],
      "focal_point_mm": [
        0.0,
        0.0,
        550.0
      ],
      "up_vector": [
        0.0,
        0.0,
        1.0
      ],
      "fov_vertical_deg": 105.0,
      "focal_length_px": 392.8714,
      "K": [
        [
          392.871418,
          0.0,
          512.0
        ],
        [
          0.0,
          392.871418,
          512.0
        ],
        [
          0.0,
          0.0,
          1.0
        ]
      ],
      "c2w_opencv": [
        [
          -0.732527,
          0.352461,
          -0.582388,
          2260.880078
        ],
        [
          0.680738,
          0.379275,
          -0.626694,
          2432.880078
        ],
        [
          0.0,
          -0.855524,
          -0.517763,
          2560.0
        ],
        [
          0.0,
          0.0,
          0.0,
          1.0
        ]
      ],
      "w2c_opencv": [
        [
          -0.732527,
          0.680738,
          0.0,
          -0.0
        ],
        [
          0.352461,
          0.379275,
          -0.855524,
          470.538251
        ],
        [
          -0.582388,
          -0.626694,
          -0.517763,
          4166.854684
        ],
        [
          0.0,
          0.0,
          0.0,
          1.0
        ]
      ]
    },
    {
      "filename": "variant_099_Bedroom_v0_corner_SW.png",
      "camera_position_mm": [
        2260.88,
        -2432.88,
        2560.0
      ],
      "focal_point_mm": [
        0.0,
        0.0,
        550.0
      ],
      "up_vector": [
        0.0,
        0.0,
        1.0
      ],
      "fov_vertical_deg": 105.0,
      "focal_length_px": 392.8714,
      "K": [
        [
          392.871418,
          0.0,
          512.0
        ],
        [
          0.0,
          392.871418,
          512.0
        ],
        [
          0.0,
          0.0,
          1.0
        ]
      ],
      "c2w_opencv": [
        [
          0.732527,
          0.352461,
          -0.582388,
          2260.880078
        ],
        [
          0.680738,
          -0.379275,
          0.626694,
          -2432.880078
        ],
        [
          -0.0,
          -0.855524,
          -0.517763,
          2560.0
        ],
        [
          0.0,
          0.0,
          0.0,
          1.0
        ]
      ],
      "w2c_opencv": [
        [
          0.732527,
          0.680738,
          -0.0,
          0.0
        ],
        [
          0.352461,
          -0.379275,
          -0.855524,
          470.538251
        ],
        [
          -0.582388,
          0.626694,
          -0.517763,
          4166.854684
        ],
        [
          0.0,
          0.0,
          0.0,
          1.0
        ]
      ]
    },
    {
      "filename": "variant_099_Bedroom_v0_corner_SE.png",
      "camera_position_mm": [
        -2260.88,
        -2432.88,
        2560.0
      ],
      "focal_point_mm": [
        0.0,
        0.0,
        550.0
      ],
      "up_vector": [
        0.0,
        0.0,
        1.0
      ],
      "fov_vertical_deg": 105.0,
      "focal_length_px": 392.8714,
      "K": [
        [
          392.871418,
          0.0,
          512.0
        ],
        [
          0.0,
          392.871418,
          512.0
        ],
        [
          0.0,
          0.0,
          1.0
        ]
      ],
      "c2w_opencv": [
        [
          0.732527,
          -0.352461,
          0.582388,
          -2260.880078
        ],
        [
          -0.680738,
          -0.379275,
          0.626694,
          -2432.880078
        ],
        [
          0.0,
          -0.855524,
          -0.517763,
          2560.0
        ],
        [
          0.0,
          0.0,
          0.0,
          1.0
        ]
      ],
      "w2c_opencv": [
        [
          0.732527,
          -0.680738,
          0.0,
          -0.0
        ],
        [
          -0.352461,
          -0.379275,
          -0.855524,
          470.538251
        ],
        [
          0.582388,
          0.626694,
          -0.517763,
          4166.854684
        ],
        [
          0.0,
          0.0,
          0.0,
          1.0
        ]
      ]
    }
  ]
}