{
  "scene": "variant_095_MasterBedroom_v0",
  "image_size_wh": [
    1024,
    1024
  ],
  "unit": "mm",
  "convention": "OpenCV",
  "views": [
    {
      "filename": "variant_095_MasterBedroom_v0_az000.png",
      "camera_position_mm": [
        -550.0,
        -667.812,
        1400.0
      ],
      "focal_point_mm": [
        1587.0,
        -667.812,
        1023.189
      ],
      "up_vector": [
        0.0,
        0.0,
        1.0
      ],
      "fov_vertical_deg": 90.0,
      "focal_length_px": 512.0,
      "K": [
        [
          512.0,
          0.0,
          512.0
        ],
        [
          0.0,
          512.0,
          512.0
        ],
        [
          0.0,
          0.0,
          1.0
        ]
      ],
      "c2w_opencv": [
        [
          0.0,
          -0.173648,
          0.984808,
          -550.0
        ],
        [
          -1.0,
          -0.0,
          0.0,
          -667.8125
        ],
        [
          0.0,
          -0.984808,
          -0.173648,
          1400.0
        ],
        [
          0.0,
          0.0,
          0.0,
          1.0
        ]
      ],
      "w2c_opencv": [
        [
          0.0,
          -1.0,
          0.0,
          -667.8125
        ],
        [
          -0.173648,
          -0.0,
          -0.984808,
          1283.224357
        ],
        [
          0.984808,
          0.0,
          -0.173648,
          784.751713
        ],
        [
          0.0,
          0.0,
          0.0,
          1.0
        ]
      ]
    },
    {
      "filename": "variant_095_MasterBedroom_v0_az030.png",
      "camera_position_mm": [
        -550.0,
        -667.812,
        1400.0
      ],
      "focal_point_mm": [
        1300.696,
        400.687,
        1023.189
      ],
      "up_vector": [
        0.0,
        0.0,
        1.0
      ],
      "fov_vertical_deg": 90.0,
      "focal_length_px": 512.0,
      "K": [
        [
          512.0,
          0.0,
          512.0
        ],
        [
          0.0,
          512.0,
          512.0
        ],
        [
          0.0,
          0.0,
          1.0
        ]
      ],
      "c2w_opencv": [
        [
          0.5,
          -0.150384,
          0.852869,
          -550.0
        ],
        [
          -0.866025,
          -0.086824,
          0.492404,
          -667.8125
        ],
        [
          0.0,
          -0.984808,
          -0.173648,
          1400.0
        ],
        [
          0.0,
          0.0,
          0.0,
          1.0
        ]
      ],
      "w2c_opencv": [
        [
          0.5,
          -0.866025,
          0.0,
          -303.34259
        ],
        [
          -0.150384,
          -0.086824,
          -0.984808,
          1238.037589
        ],
        [
          0.852869,
          0.492404,
          -0.173648,
          1041.018605
        ],
        [
          0.0,
          0.0,
          0.0,
          1.0
        ]
      ]
    },
    {
      "filename": "variant_095_MasterBedroom_v0_az060.png",
      "camera_position_mm": [
        -550.0,
        -667.812,
        1400.0
      ],
      "focal_point_mm": [
        518.5,
        1182.884,
        1023.189
      ],
      "up_vector": [
        0.0,
        0.0,
        1.0
      ],
      "fov_vertical_deg": 90.0,
      "focal_length_px": 512.0,
      "K": [
        [
          512.0,
          0.0,
          512.0
        ],
        [
          0.0,
          512.0,
          512.0
        ],
        [
          0.0,
          0.0,
          1.0
        ]
      ],
      "c2w_opencv": [
        [
          0.866025,
          -0.086824,
          0.492404,
          -550.0
        ],
        [
          -0.5,
          -0.150384,
          0.852869,
          -667.8125
        ],
        [
          0.0,
          -0.984808,
          -0.173648,
          1400.0
        ],
        [
          0.0,
          0.0,
          0.0,
          1.0
        ]
      ],
      "w2c_opencv": [
        [
          0.866025,
          -0.5,
          0.0,
          142.407722
        ],
        [
          -0.086824,
          -0.150384,
          -0.984808,
          1230.549469
        ],
        [
          0.492404,
          0.852869,
          -0.173648,
          1083.485847
        ],
        [
          0.0,
          0.0,
          0.0,
          1.0
        ]
      ]
    },
    {
      "filename": "variant_095_MasterBedroom_v0_az090.png",
      "camera_position_mm": [
        -550.0,
        -667.812,
        1400.0
      ],
      "focal_point_mm": [
        -550.0,
        1469.188,
        1023.189
      ],
      "up_vector": [
        0.0,
        0.0,
        1.0
      ],
      "fov_vertical_deg": 90.0,
      "focal_length_px": 512.0,
      "K": [
        [
          512.0,
          0.0,
          512.0
        ],
        [
          0.0,
          512.0,
          512.0
        ],
        [
          0.0,
          0.0,
          1.0
        ]
      ],
      "c2w_opencv": [
        [
          1.0,
          -0.0,
          0.0,
          -550.0
        ],
        [
          -0.0,
          -0.173648,
          0.984808,
          -667.8125
        ],
        [
          0.0,
          -0.984808,
          -0.173648,
          1400.0
        ],
        [
          0.0,
          0.0,
          0.0,
          1.0
        ]
      ],
      "w2c_opencv": [
        [
          1.0,
          -0.0,
          0.0,
          550.0
        ],
        [
          -0.0,
          -0.173648,
          -0.984808,
          1262.766431
        ],
        [
          0.0,
          0.984808,
          -0.173648,
          900.774376
        ],
        [
          0.0,
          0.0,
          0.0,
          1.0
        ]
      ]
    },
    {
      "filename": "variant_095_MasterBedroom_v0_az120.png",
      "camera_position_mm": [
        -550.0,
        -667.812,
        1400.0
      ],
      "focal_point_mm": [
        -1618.5,
        1182.884,
        1023.189
      ],
      "up_vector": [
        0.0,
        0.0,
        1.0
      ],
      "fov_vertical_deg": 90.0,
      "focal_length_px": 512.0,
      "K": [
        [
          512.0,
          0.0,
          512.0
        ],
        [
          0.0,
          512.0,
          512.0
        ],
        [
          0.0,
          0.0,
          1.0
        ]
      ],
      "c2w_opencv": [
        [
          0.866025,
          0.086824,
          -0.492404,
          -550.0
        ],
        [
          0.5,
          -0.150384,
          0.852869,
          -667.8125
        ],
        [
          -0.0,
          -0.984808,
          -0.173648,
          1400.0
        ],
        [
          0.0,
          0.0,
          0.0,
          1.0
        ]
      ],
      "w2c_opencv": [
        [
          0.866025,
          0.5,
          -0.0,
          810.220222
        ],
        [
          0.086824,
          -0.150384,
          -0.984808,
          1326.055966
        ],
        [
          -0.492404,
          0.852869,
          -0.173648,
          541.841583
        ],
        [
          0.0,
          0.0,
          0.0,
          1.0
        ]
      ]
    },
    {
      "filename": "variant_095_MasterBedroom_v0_az150.png",
      "camera_position_mm": [
        -550.0,
        -667.812,
        1400.0
      ],
      "focal_point_mm": [
        -2400.696,
        400.687,
        1023.189
      ],
      "up_vector": [
        0.0,
        0.0,
        1.0
      ],
      "fov_vertical_deg": 90.0,
      "focal_length_px": 512.0,
      "K": [
        [
          512.0,
          0.0,
          512.0
        ],
        [
          0.0,
          512.0,
          512.0
        ],
        [
          0.0,
          0.0,
          1.0
        ]
      ],
      "c2w_opencv": [
        [
          0.5,
          0.150384,
          -0.852869,
          -550.0
        ],
        [
          0.866025,
          -0.086824,
          0.492404,
          -667.8125
        ],
        [
          -0.0,
          -0.984808,
          -0.173648,
          1400.0
        ],
        [
          0.0,
          0.0,
          0.0,
          1.0
        ]
      ],
      "w2c_opencv": [
        [
          0.5,
          0.866025,
          -0.0,
          853.34259
        ],
        [
          0.150384,
          -0.086824,
          -0.984808,
          1403.459696
        ],
        [
          -0.852869,
          0.492404,
          -0.173648,
          102.86322
        ],
        [
          0.0,
          0.0,
          0.0,
          1.0
        ]
      ]
    },
    {
      "filename": "variant_095_MasterBedroom_v0_az180.png",
      "camera_position_mm": [
        -550.0,
        -667.812,
        1400.0
      ],
      "focal_point_mm": [
        -2687.0,
        -667.812,
        1023.189
      ],
      "up_vector": [
        0.0,
        0.0,
        1.0
      ],
      "fov_vertical_deg": 90.0,
      "focal_length_px": 512.0,
      "K": [
        [
          512.0,
          0.0,
          512.0
        ],
        [
          0.0,
          512.0,
          512.0
        ],
        [
          0.0,
          0.0,
          1.0
        ]
      ],
      "c2w_opencv": [
        [
          0.0,
          0.173648,
          -0.984808,
          -550.0
        ],
        [
          1.0,
          -0.0,
          0.0,
          -667.8125
        ],
        [
          -0.0,
          -0.984808,
          -0.173648,
          1400.0
        ],
        [
          0.0,
          0.0,
          0.0,
          1.0
        ]
      ],
      "w2c_opencv": [
        [
          0.0,
          1.0,
          -0.0,
          667.8125
        ],
        [
          0.173648,
          -0.0,
          -0.984808,
          1474.237352
        ],
        [
          -0.984808,
          0.0,
          -0.173648,
          -298.536815
        ],
        [
          0.0,
          0.0,
          0.0,
          1.0
        ]
      ]
    },
    {
      "filename": "variant_095_MasterBedroom_v0_az210.png",
      "camera_position_mm": [
        -550.0,
        -667.812,
        1400.0
      ],
      "focal_point_mm": [
        -2400.696,
        -1736.313,
        1023.189
      ],
      "up_vector": [
        0.0,
        0.0,
        1.0
      ],
      "fov_vertical_deg": 90.0,
      "focal_length_px": 512.0,
      "K": [
        [
          512.0,
          0.0,
          512.0
        ],
        [
          0.0,
          512.0,
          512.0
        ],
        [
          0.0,
          0.0,
          1.0
        ]
      ],
      "c2w_opencv": [
        [
          -0.5,
          0.150384,
          -0.852869,
          -550.0
        ],
        [
          0.866025,
          0.086824,
          -0.492404,
          -667.8125
        ],
        [
          0.0,
          -0.984808,
          -0.173648,
          1400.0
        ],
        [
          0.0,
          0.0,
          0.0,
          1.0
        ]
      ],
      "w2c_opencv": [
        [
          -0.5,
          0.866025,
          0.0,
          303.34259
        ],
        [
          0.150384,
          0.086824,
          -0.984808,
          1519.424119
        ],
        [
          -0.852869,
          -0.492404,
          -0.173648,
          -554.803708
        ],
        [
          0.0,
          0.0,
          0.0,
          1.0
        ]
      ]
    },
    {
      "filename": "variant_095_MasterBedroom_v0_az240.png",
      "camera_position_mm": [
        -550.0,
        -667.812,
        1400.0
      ],
      "focal_point_mm": [
        -1618.5,
        -2518.509,
        1023.189
      ],
      "up_vector": [
        0.0,
        0.0,
        1.0
      ],
      "fov_vertical_deg": 90.0,
      "focal_length_px": 512.0,
      "K": [
        [
          512.0,
          0.0,
          512.0
        ],
        [
          0.0,
          512.0,
          512.0
        ],
        [
          0.0,
          0.0,
          1.0
        ]
      ],
      "c2w_opencv": [
        [
          -0.866025,
          0.086824,
          -0.492404,
          -550.0
        ],
        [
          0.5,
          0.150384,
          -0.852869,
          -667.8125
        ],
        [
          0.0,
          -0.984808,
          -0.173648,
          1400.0
        ],
        [
          0.0,
          0.0,
          0.0,
          1.0
        ]
      ],
      "w2c_opencv": [
        [
          -0.866025,
          0.5,
          0.0,
          -142.407722
        ],
        [
          0.086824,
          0.150384,
          -0.984808,
          1526.91224
        ],
        [
          -0.492404,
          -0.852869,
          -0.173648,
          -597.27095
        ],
        [
          0.0,
          0.0,
          0.0,
          1.0
        ]
      ]
    },
    {
      "filename": "variant_095_MasterBedroom_v0_az270.png",
      "camera_position_mm": [
        -550.0,
        -667.812,
        1400.0
      ],
      "focal_point_mm": [
        -550.0,
        -2804.812,
        1023.189
      ],
      "up_vector": [
        0.0,
        0.0,
        1.0
      ],
      "fov_vertical_deg": 90.0,
      "focal_length_px": 512.0,
      "K": [
        [
          512.0,
          0.0,
          512.0
        ],
        [
          0.0,
          512.0,
          512.0
        ],
        [
          0.0,
          0.0,
          1.0
        ]
      ],
      "c2w_opencv": [
        [
          -1.0,
          0.0,
          -0.0,
          -550.0
        ],
        [
          0.0,
          0.173648,
          -0.984808,
          -667.8125
        ],
        [
          0.0,
          -0.984808,
          -0.173648,
          1400.0
        ],
        [
          0.0,
          0.0,
          0.0,
          1.0
        ]
      ],
      "w2c_opencv": [
        [
          -1.0,
          0.0,
          0.0,
          -550.0
        ],
        [
          0.0,
          0.173648,
          -0.984808,
          1494.695278
        ],
        [
          -0.0,
          -0.984808,
          -0.173648,
          -414.559479
        ],
        [
          0.0,
          0.0,
          0.0,
          1.0
        ]
      ]
    },
    {
      "filename": "variant_095_MasterBedroom_v0_az300.png",
      "camera_position_mm": [
        -550.0,
        -667.812,
        1400.0
      ],
      "focal_point_mm": [
        518.5,
        -2518.509,
        1023.189
      ],
      "up_vector": [
        0.0,
        0.0,
        1.0
      ],
      "fov_vertical_deg": 90.0,
      "focal_length_px": 512.0,
      "K": [
        [
          512.0,
          0.0,
          512.0
        ],
        [
          0.0,
          512.0,
          512.0
        ],
        [
          0.0,
          0.0,
          1.0
        ]
      ],
      "c2w_opencv": [
        [
          -0.866025,
          -0.086824,
          0.492404,
          -550.0
        ],
        [
          -0.5,
          0.150384,
          -0.852869,
          -667.8125
        ],
        [
          0.0,
          -0.984808,
          -0.173648,
          1400.0
        ],
        [
          0.0,
          0.0,
          0.0,
          1.0
        ]
      ],
      "w2c_opencv": [
        [
          -0.866025,
          -0.5,
          0.0,
          -810.220222
        ],
        [
          -0.086824,
          0.150384,
          -0.984808,
          1431.405742
        ],
        [
          0.492404,
          -0.852869,
          -0.173648,
          -55.626686
        ],
        [
          0.0,
          0.0,
          0.0,
          1.0
        ]
      ]
    },
    {
      "filename": "variant_095_MasterBedroom_v0_az330.png",
      "camera_position_mm": [
        -550.0,
        -667.812,
        1400.0
      ],
      "focal_point_mm": [
        1300.696,
        -1736.313,
        1023.189
      ],
      "up_vector": [
        0.0,
        0.0,
        1.0
      ],
      "fov_vertical_deg": 90.0,
      "focal_length_px": 512.0,
      "K": [
        [
          512.0,
          0.0,
          512.0
        ],
        [
          0.0,
          512.0,
          512.0
        ],
        [
          0.0,
          0.0,
          1.0
        ]
      ],
      "c2w_opencv": [
        [
          -0.5,
          -0.150384,
          0.852869,
          -550.0
        ],
        [
          -0.866025,
          0.086824,
          -0.492404,
          -667.8125
        ],
        [
          0.0,
          -0.984808,
          -0.173648,
          1400.0
        ],
        [
          0.0,
          0.0,
          0.0,
          1.0
        ]
      ],
      "w2c_opencv": [
        [
          -0.5,
          -0.866025,
          0.0,
          -853.34259
        ],
        [
          -0.150384,
          0.086824,
          -0.984808,
          1354.002013
        ],
        [
          0.852869,
          -0.492404,
          -0.173648,
          383.351678
        ],
        [
          0.0,
          0.0,
          0.0,
          1.0
        ]
      ]
    },
    {
      "filename": "variant_095_MasterBedroom_v0_corner_NE.png",
      "camera_position_mm": [
        -1760.0,
        2137.0,
        2761.48
      ],
      "focal_point_mm": [
        0.0,
        0.0,
        604.75
      ],
      "up_vector": [
        0.0,
        0.0,
        1.0
      ],
      "fov_vertical_deg": 105.0,
      "focal_length_px": 392.8714,
      "K": [
        [
          392.871418,
          0.0,
          512.0
        ],
        [
          0.0,
          392.871418,
          512.0
        ],
        [
          0.0,
          0.0,
          1.0
        ]
      ],
      "c2w_opencv": [
        [
          -0.771909,
          -0.390695,
          0.501511,
          -1760.0
        ],
        [
          -0.635733,
          0.474384,
          -0.608937,
          2137.0
        ],
        [
          0.0,
          -0.788871,
          -0.614559,
          2761.48
        ],
        [
          0.0,
          0.0,
          0.0,
          1.0
        ]
      ],
      "w2c_opencv": [
        [
          -0.771909,
          -0.635733,
          0.0,
          -0.0
        ],
        [
          -0.390695,
          0.474384,
          -0.788871,
          477.069691
        ],
        [
          0.501511,
          -0.608937,
          -0.614559,
          3881.04951
        ],
        [
          0.0,
          0.0,
          0.0,
          1.0
        ]
      ]
    },
    {
      "filename": "variant_095_MasterBedroom_v0_corner_NW.png",
      "camera_position_mm": [
        1760.0,
        2137.0,
        2761.48
      ],
      "focal_point_mm": [
        0.0,
        0.0,
        604.75
      ],
      "up_vector": [
        0.0,
        0.0,
        1.0
      ],
      "fov_vertical_deg": 105.0,
      "focal_length_px": 392.8714,
      "K": [
        [
          392.871418,
          0.0,
          512.0
        ],
        [
          0.0,
          392.871418,
          512.0
        ],
        [
          0.0,
          0.0,
          1.0
        ]
      ],
      "c2w_opencv": [
        [
          -0.771909,
          0.390695,
          -0.501511,
          1760.0
        ],
        [
          0.635733,
          0.474384,
          -0.608937,
          2137.0
        ],
        [
          0.0,
          -0.788871,
          -0.614559,
          2761.48
        ],
        [
          0.0,
          0.0,
          0.0,
          1.0
        ]
      ],
      "w2c_opencv": [
        [
          -0.771909,
          0.635733,
          0.0,
          0.0
        ],
        [
          0.390695,
          0.474384,
          -0.788871,
          477.069691
        ],
        [
          -0.501511,
          -0.608937,
          -0.614559,
          3881.04951
        ],
        [
          0.0,
          0.0,
          0.0,
          1.0
        ]
      ]
    },
    {
      "filename": "variant_095_MasterBedroom_v0_corner_SW.png",
      "camera_position_mm": [
        1760.0,
        -2137.0,
        2761.48
      ],
      "focal_point_mm": [
        0.0,
        0.0,
        604.75
      ],
      "up_vector": [
        0.0,
        0.0,
        1.0
      ],
      "fov_vertical_deg": 105.0,
      "focal_length_px": 392.8714,
      "K": [
        [
          392.871418,
          0.0,
          512.0
        ],
        [
          0.0,
          392.871418,
          512.0
        ],
        [
          0.0,
          0.0,
          1.0
        ]
      ],
      "c2w_opencv": [
        [
          0.771909,
          0.390695,
          -0.501511,
          1760.0
        ],
        [
          0.635733,
          -0.474384,
          0.608937,
          -2137.0
        ],
        [
          -0.0,
          -0.788871,
          -0.614559,
          2761.48
        ],
        [
          0.0,
          0.0,
          0.0,
          1.0
        ]
      ],
      "w2c_opencv": [
        [
          0.771909,
          0.635733,
          -0.0,
          -0.0
        ],
        [
          0.390695,
          -0.474384,
          -0.788871,
          477.069691
        ],
        [
          -0.501511,
          0.608937,
          -0.614559,
          3881.04951
        ],
        [
          0.0,
          0.0,
          0.0,
          1.0
        ]
      ]
    },
    {
      "filename": "variant_095_MasterBedroom_v0_corner_SE.png",
      "camera_position_mm": [
        -1760.0,
        -2137.0,
        2761.48
      ],
      "focal_point_mm": [
        0.0,
        0.0,
        604.75
      ],
      "up_vector": [
        0.0,
        0.0,
        1.0
      ],
      "fov_vertical_deg": 105.0,
      "focal_length_px": 392.8714,
      "K": [
        [
          392.871418,
          0.0,
          512.0
        ],
        [
          0.0,
          392.871418,
          512.0
        ],
        [
          0.0,
          0.0,
          1.0
        ]
      ],
      "c2w_opencv": [
        [
          0.771909,
          -0.390695,
          0.501511,
          -1760.0
        ],
        [
          -0.635733,
          -0.474384,
          0.608937,
          -2137.0
        ],
        [
          0.0,
          -0.788871,
          -0.614559,
          2761.48
        ],
        [
          0.0,
          0.0,
          0.0,
          1.0
        ]
      ],
      "w2c_opencv": [
        [
          0.771909,
          -0.635733,
          0.0,
          0.0
        ],
        [
          -0.390695,
          -0.474384,
          -0.788871,
          477.069691
        ],
        [
          0.501511,
          0.608937,
          -0.614559,
          3881.04951
        ],
        [
          0.0,
          0.0,
          0.0,
          1.0
        ]
      ]
    }
  ]
}